10,10,10,10,10,9,10,10,10,8,6,10,10,2,9,10,0,0,0,0,0,0,0,0,0,0,0,0,0,0,0,0,0,0,0,0,0,0,0,0,13
10,10,7,10,10,0,10,10,10,9,3,10,10,7,7,10,0,0,0,0,0,0,0,0,0,0,0,0,0,0,0,0,0,0,0,0,0,0,0,0,13
10,10,9,10,10,6,10,10,10,9,4,10,10,5,8,10,0,0,0,0,0,0,0,0,0,0,0,0,0,0,0,0,0,0,0,0,0,0,0,0,13
10,1,10,10,10,5,10,10,10,0,10,10,9,3,10,10,0,0,0,0,0,0,0,0,0,0,0,0,0,0,0,0,0,0,0,0,0,0,0,0,13
10,10,8,10,10,4,10,10,10,10,3,10,10,6,7,10,0,0,0,0,0,0,0,0,0,0,0,0,0,0,0,0,0,0,0,0,0,0,0,0,13
10,0,10,10,10,1,10,10,10,0,10,10,9,2,10,10,0,0,0,0,0,0,0,0,0,0,0,0,0,0,0,0,0,0,0,0,0,0,0,0,13
10,10,10,10,10,4,10,10,10,8,7,10,10,3,9,10,0,0,0,0,0,0,0,0,0,0,0,0,0,0,0,0,0,0,0,0,0,0,0,0,13
10,4,10,10,10,6,10,10,10,1,10,10,10,1,10,10,0,0,0,0,0,0,0,0,0,0,0,0,0,0,0,0,0,0,0,0,0,0,0,0,13
10,1,10,10,10,7,10,10,10,1,10,10,10,1,10,10,0,0,0,0,0,0,0,0,0,0,0,0,0,0,0,0,0,0,0,0,0,0,0,0,13
10,0,10,10,10,9,10,10,10,0,10,10,9,2,10,10,0,0,0,0,0,0,0,0,0,0,0,0,0,0,0,0,0,0,0,0,0,0,0,0,13
10,10,10,10,10,9,10,10,10,4,9,10,10,0,10,10,0,0,0,0,0,0,0,0,0,0,0,0,0,0,0,0,0,0,0,0,0,0,0,0,13
10,9,10,10,10,0,10,10,10,4,9,10,10,0,10,10,0,0,0,0,0,0,0,0,0,0,0,0,0,0,0,0,0,0,0,0,0,0,0,0,13
10,10,9,10,10,10,9,10,10,9,3,10,10,4,9,10,0,0,0,0,0,0,0,0,0,0,0,0,0,0,0,0,0,0,0,0,0,0,0,0,13
10,9,10,10,10,9,10,10,10,4,9,10,10,0,10,10,0,0,0,0,0,0,0,0,0,0,0,0,0,0,0,0,0,0,0,0,0,0,0,0,13
10,4,10,10,10,8,10,10,10,2,10,10,10,1,10,10,0,0,0,0,0,0,0,0,0,0,0,0,0,0,0,0,0,0,0,0,0,0,0,0,13
10,7,10,10,10,10,7,10,10,2,10,10,10,0,10,10,0,0,0,0,0,0,0,0,0,0,0,0,0,0,0,0,0,0,0,0,0,0,0,0,13
10,7,10,10,10,4,10,10,10,2,10,10,10,0,10,10,0,0,0,0,0,0,0,0,0,0,0,0,0,0,0,0,0,0,0,0,0,0,0,0,13
10,10,10,10,10,5,10,10,10,6,9,10,10,0,10,10,0,0,0,0,0,0,0,0,0,0,0,0,0,0,0,0,0,0,0,0,0,0,0,0,13
10,10,9,10,10,8,10,10,10,9,4,10,10,6,8,10,0,0,0,0,0,0,0,0,0,0,0,0,0,0,0,0,0,0,0,0,0,0,0,0,13
10,3,10,10,10,4,10,10,10,1,10,10,10,1,10,10,0,0,0,0,0,0,0,0,0,0,0,0,0,0,0,0,0,0,0,0,0,0,0,0,20
10,1,10,10,10,1,10,10,10,0,10,10,10,1,10,10,0,0,0,0,0,0,0,0,0,0,0,0,0,0,0,0,0,0,0,0,0,0,0,0,20
10,8,10,10,10,7,10,10,9,3,10,10,8,5,10,10,0,0,0,0,0,0,0,0,0,0,0,0,0,0,0,0,0,0,0,0,0,0,0,0,20
10,9,10,10,10,4,10,10,10,4,9,10,10,0,10,10,0,0,0,0,0,0,0,0,0,0,0,0,0,0,0,0,0,0,0,0,0,0,0,0,13
10,10,5,10,10,9,10,10,10,10,2,10,10,8,6,10,0,0,0,0,0,0,0,0,0,0,0,0,0,0,0,0,0,0,0,0,0,0,0,0,13
10,10,10,10,10,7,10,10,10,6,8,10,10,1,10,10,0,0,0,0,0,0,0,0,0,0,0,0,0,0,0,0,0,0,0,0,0,0,0,0,13
10,10,10,10,10,0,10,10,10,7,7,10,10,1,10,10,0,0,0,0,0,0,0,0,0,0,0,0,0,0,0,0,0,0,0,0,0,0,0,0,13
10,7,10,10,10,7,10,10,10,3,10,10,10,0,10,10,0,0,0,0,0,0,0,0,0,0,0,0,0,0,0,0,0,0,0,0,0,0,0,0,13
10,10,10,10,10,4,10,10,10,8,6,10,10,3,9,10,0,0,0,0,0,0,0,0,0,0,0,0,0,0,0,0,0,0,0,0,0,0,0,0,13
10,9,10,10,10,10,9,10,10,4,9,10,10,0,10,10,0,0,0,0,0,0,0,0,0,0,0,0,0,0,0,0,0,0,0,0,0,0,0,0,13
10,10,10,10,10,2,10,10,10,7,8,10,10,1,9,10,0,0,0,0,0,0,0,0,0,0,0,0,0,0,0,0,0,0,0,0,0,0,0,0,13
10,10,10,10,10,10,9,10,10,9,5,10,10,3,9,10,0,0,0,0,0,0,0,0,0,0,0,0,0,0,0,0,0,0,0,0,0,0,0,0,13
10,0,10,10,10,1,10,10,10,0,10,10,9,2,10,10,0,0,0,0,0,0,0,0,0,0,0,0,0,0,0,0,0,0,0,0,0,0,0,0,13
10,10,10,10,10,9,10,10,10,7,8,10,10,1,10,10,0,0,0,0,0,0,0,0,0,0,0,0,0,0,0,0,0,0,0,0,0,0,0,0,13
10,10,9,10,10,10,8,10,10,9,5,10,10,5,8,10,0,0,0,0,0,0,0,0,0,0,0,0,0,0,0,0,0,0,0,0,0,0,0,0,13
10,10,10,10,10,0,10,10,10,5,9,10,10,0,10,10,0,0,0,0,0,0,0,0,0,0,0,0,0,0,0,0,0,0,0,0,0,0,0,0,13
10,10,10,10,10,7,10,10,10,6,8,10,10,1,10,10,0,0,0,0,0,0,0,0,0,0,0,0,0,0,0,0,0,0,0,0,0,0,0,0,13
10,6,10,10,10,7,10,10,10,2,10,10,10,0,10,10,0,0,0,0,0,0,0,0,0,0,0,0,0,0,0,0,0,0,0,0,0,0,0,0,13
10,1,10,10,10,1,10,10,10,0,10,10,10,1,10,10,0,0,0,0,0,0,0,0,0,0,0,0,0,0,0,0,0,0,0,0,0,0,0,0,20
10,8,10,10,10,10,9,10,10,2,10,10,10,0,10,10,0,0,0,0,0,0,0,0,0,0,0,0,0,0,0,0,0,0,0,0,0,0,0,0,13
10,3,10,10,10,6,10,10,10,1,10,10,10,1,10,10,0,0,0,0,0,0,0,0,0,0,0,0,0,0,0,0,0,0,0,0,0,0,0,0,13
10,3,10,10,10,7,10,10,10,0,10,10,10,1,10,10,0,0,0,0,0,0,0,0,0,0,0,0,0,0,0,0,0,0,0,0,0,0,0,0,13
10,3,10,10,10,7,10,10,10,1,10,10,9,3,10,10,0,0,0,0,0,0,0,0,0,0,0,0,0,0,0,0,0,0,0,0,0,0,0,0,13
10,10,10,10,10,10,9,10,10,9,4,10,10,4,9,10,0,0,0,0,0,0,0,0,0,0,0,0,0,0,0,0,0,0,0,0,0,0,0,0,13
10,2,10,10,10,4,10,10,10,1,10,10,10,1,10,10,0,0,0,0,0,0,0,0,0,0,0,0,0,0,0,0,0,0,0,0,0,0,0,0,13
10,2,10,10,10,7,10,10,10,0,10,10,10,1,10,10,0,0,0,0,0,0,0,0,0,0,0,0,0,0,0,0,0,0,0,0,0,0,0,0,13
10,10,10,10,10,0,10,10,10,9,6,10,10,3,9,10,0,0,0,0,0,0,0,0,0,0,0,0,0,0,0,0,0,0,0,0,0,0,0,0,13
10,10,10,10,10,0,10,10,9,6,10,10,7,6,10,10,0,0,0,0,0,0,0,0,0,0,0,0,0,0,0,0,0,0,0,0,0,0,0,0,20
10,2,10,10,10,1,10,10,10,0,10,10,10,1,10,10,0,0,0,0,0,0,0,0,0,0,0,0,0,0,0,0,0,0,0,0,0,0,0,0,13
10,0,10,10,10,3,10,10,10,0,10,10,9,2,10,10,0,0,0,0,0,0,0,0,0,0,0,0,0,0,0,0,0,0,0,0,0,0,0,0,20
10,3,10,10,10,8,10,10,10,0,10,10,10,1,10,10,0,0,0,0,0,0,0,0,0,0,0,0,0,0,0,0,0,0,0,0,0,0,0,0,20
10,1,10,10,10,7,10,10,10,0,10,10,9,3,10,10,0,0,0,0,0,0,0,0,0,0,0,0,0,0,0,0,0,0,0,0,0,0,0,0,20
10,3,10,10,10,0,10,10,10,1,10,10,10,1,10,10,0,0,0,0,0,0,0,0,0,0,0,0,0,0,0,0,0,0,0,0,0,0,0,0,20
10,0,10,10,10,1,10,10,10,0,10,10,9,2,10,10,0,0,0,0,0,0,0,0,0,0,0,0,0,0,0,0,0,0,0,0,0,0,0,0,20
10,10,10,10,10,1,10,10,10,8,6,10,10,3,9,10,0,0,0,0,0,0,0,0,0,0,0,0,0,0,0,0,0,0,0,0,0,0,0,0,13
10,8,10,10,10,8,10,10,10,3,10,10,10,0,10,10,0,0,0,0,0,0,0,0,0,0,0,0,0,0,0,0,0,0,0,0,0,0,0,0,13
10,1,10,10,10,1,10,10,10,0,10,10,9,3,10,10,0,0,0,0,0,0,0,0,0,0,0,0,0,0,0,0,0,0,0,0,0,0,0,0,20
10,10,9,10,10,1,10,10,10,9,5,10,10,4,8,10,0,0,0,0,0,0,0,0,0,0,0,0,0,0,0,0,0,0,0,0,0,0,0,0,13
10,7,10,10,10,7,10,10,10,2,10,10,10,0,10,10,0,0,0,0,0,0,0,0,0,0,0,0,0,0,0,0,0,0,0,0,0,0,0,0,13
10,1,10,10,10,2,10,10,10,0,10,10,10,1,10,10,0,0,0,0,0,0,0,0,0,0,0,0,0,0,0,0,0,0,0,0,0,0,0,0,20
10,9,10,10,10,8,10,10,9,5,10,10,8,6,10,10,0,0,0,0,0,0,0,0,0,0,0,0,0,0,0,0,0,0,0,0,0,0,0,0,20
10,6,10,10,10,3,10,10,10,2,10,10,8,4,10,10,0,0,0,0,0,0,0,0,0,0,0,0,0,0,0,0,0,0,0,0,0,0,0,0,20
10,9,10,10,10,6,10,10,9,5,10,10,8,6,10,10,0,0,0,0,0,0,0,0,0,0,0,0,0,0,0,0,0,0,0,0,0,0,0,0,20
10,6,10,10,10,8,10,10,10,2,10,10,10,0,10,10,0,0,0,0,0,0,0,0,0,0,0,0,0,0,0,0,0,0,0,0,0,0,0,0,13
10,9,10,10,10,5,10,10,9,4,10,10,8,5,10,10,0,0,0,0,0,0,0,0,0,0,0,0,0,0,0,0,0,0,0,0,0,0,0,0,20
10,0,10,10,10,9,10,10,10,0,10,10,9,2,10,10,0,0,0,0,0,0,0,0,0,0,0,0,0,0,0,0,0,0,0,0,0,0,0,0,13
10,7,10,10,10,9,10,10,10,3,10,10,10,0,10,10,0,0,0,0,0,0,0,0,0,0,0,0,0,0,0,0,0,0,0,0,0,0,0,0,13
10,8,10,10,10,6,10,10,9,3,10,10,8,5,10,10,0,0,0,0,0,0,0,0,0,0,0,0,0,0,0,0,0,0,0,0,0,0,0,0,20
10,2,10,10,10,2,10,10,10,1,10,10,9,3,10,10,0,0,0,0,0,0,0,0,0,0,0,0,0,0,0,0,0,0,0,0,0,0,0,0,20
10,9,10,10,10,0,10,10,9,4,10,10,8,5,10,10,0,0,0,0,0,0,0,0,0,0,0,0,0,0,0,0,0,0,0,0,0,0,0,0,20
10,1,10,10,10,0,10,10,10,0,10,10,9,2,10,10,0,0,0,0,0,0,0,0,0,0,0,0,0,0,0,0,0,0,0,0,0,0,0,0,20
10,10,10,10,10,6,10,10,10,9,6,10,10,4,9,10,0,0,0,0,0,0,0,0,0,0,0,0,0,0,0,0,0,0,0,0,0,0,0,0,13
10,9,10,10,10,3,10,10,9,4,10,10,8,5,10,10,0,0,0,0,0,0,0,0,0,0,0,0,0,0,0,0,0,0,0,0,0,0,0,0,20
10,10,10,10,10,10,10,10,10,7,8,10,10,1,10,10,0,0,0,0,0,0,0,0,0,0,0,0,0,0,0,0,0,0,0,0,0,0,0,0,13
10,4,10,10,10,1,10,10,10,1,10,10,10,1,10,10,0,0,0,0,0,0,0,0,0,0,0,0,0,0,0,0,0,0,0,0,0,0,0,0,13
10,0,10,10,10,0,10,10,10,0,10,10,9,2,10,10,0,0,0,0,0,0,0,0,0,0,0,0,0,0,0,0,0,0,0,0,0,0,0,0,20
10,10,10,10,10,3,10,10,10,4,9,10,10,0,10,10,0,0,0,0,0,0,0,0,0,0,0,0,0,0,0,0,0,0,0,0,0,0,0,0,13
10,3,10,10,10,9,10,10,10,1,10,10,10,1,10,10,0,0,0,0,0,0,0,0,0,0,0,0,0,0,0,0,0,0,0,0,0,0,0,0,20
10,10,10,10,10,1,10,10,10,8,7,10,10,2,9,10,0,0,0,0,0,0,0,0,0,0,0,0,0,0,0,0,0,0,0,0,0,0,0,0,13
10,10,8,10,10,9,10,10,10,10,1,10,10,6,8,10,0,0,0,0,0,0,0,0,0,0,0,0,0,0,0,0,0,0,0,0,0,0,0,0,13
10,1,10,10,10,0,10,10,10,0,10,10,9,2,10,10,0,0,0,0,0,0,0,0,0,0,0,0,0,0,0,0,0,0,0,0,0,0,0,0,20
10,1,10,10,10,6,10,10,10,0,10,10,9,3,10,10,0,0,0,0,0,0,0,0,0,0,0,0,0,0,0,0,0,0,0,0,0,0,0,0,20
10,2,10,10,10,1,10,10,10,0,10,10,10,1,10,10,0,0,0,0,0,0,0,0,0,0,0,0,0,0,0,0,0,0,0,0,0,0,0,0,20
10,10,7,10,10,10,9,10,10,10,3,9,10,10,0,10,0,0,0,0,0,0,0,0,0,0,0,0,0,0,0,0,0,0,0,0,0,0,0,0,13
10,10,10,10,10,10,8,10,10,9,4,10,10,4,9,10,0,0,0,0,0,0,0,0,0,0,0,0,0,0,0,0,0,0,0,0,0,0,0,0,13
10,0,10,10,10,1,10,10,10,0,10,10,9,2,10,10,0,0,0,0,0,0,0,0,0,0,0,0,0,0,0,0,0,0,0,0,0,0,0,0,20
10,10,10,10,10,1,10,10,10,8,6,10,10,3,9,10,0,0,0,0,0,0,0,0,0,0,0,0,0,0,0,0,0,0,0,0,0,0,0,0,13
10,7,10,10,10,7,10,10,10,2,10,10,10,0,10,10,0,0,0,0,0,0,0,0,0,0,0,0,0,0,0,0,0,0,0,0,0,0,0,0,13
10,10,10,10,10,10,10,10,10,8,6,10,10,3,9,10,0,0,0,0,0,0,0,0,0,0,0,0,0,0,0,0,0,0,0,0,0,0,0,0,13
10,0,10,10,10,7,10,10,10,0,10,10,9,2,10,10,0,0,0,0,0,0,0,0,0,0,0,0,0,0,0,0,0,0,0,0,0,0,0,0,20
10,7,10,10,10,2,10,10,10,2,10,10,10,0,10,10,0,0,0,0,0,0,0,0,0,0,0,0,0,0,0,0,0,0,0,0,0,0,0,0,20
10,7,10,10,10,9,10,10,10,2,10,10,10,0,10,10,0,0,0,0,0,0,0,0,0,0,0,0,0,0,0,0,0,0,0,0,0,0,0,0,20
10,9,10,10,10,8,10,10,10,3,9,10,10,0,10,10,0,0,0,0,0,0,0,0,0,0,0,0,0,0,0,0,0,0,0,0,0,0,0,0,13
10,2,10,10,10,3,10,10,10,0,10,10,10,1,10,10,0,0,0,0,0,0,0,0,0,0,0,0,0,0,0,0,0,0,0,0,0,0,0,0,20
10,3,10,10,10,1,10,10,10,0,10,10,10,1,10,10,0,0,0,0,0,0,0,0,0,0,0,0,0,0,0,0,0,0,0,0,0,0,0,0,20
10,8,10,10,10,4,10,10,10,3,9,10,10,0,10,10,0,0,0,0,0,0,0,0,0,0,0,0,0,0,0,0,0,0,0,0,0,0,0,0,13
10,10,8,10,10,9,10,10,10,9,3,10,10,6,7,10,0,0,0,0,0,0,0,0,0,0,0,0,0,0,0,0,0,0,0,0,0,0,0,0,13
10,0,10,10,10,0,10,10,10,0,10,10,9,2,10,10,0,0,0,0,0,0,0,0,0,0,0,0,0,0,0,0,0,0,0,0,0,0,0,0,20
10,7,10,10,10,4,10,10,10,3,10,10,8,5,10,10,0,0,0,0,0,0,0,0,0,0,0,0,0,0,0,0,0,0,0,0,0,0,0,0,20
10,1,10,10,10,7,10,10,10,0,10,10,9,3,10,10,0,0,0,0,0,0,0,0,0,0,0,0,0,0,0,0,0,0,0,0,0,0,0,0,20
10,6,10,10,10,3,10,10,10,2,10,10,10,0,10,10,0,0,0,0,0,0,0,0,0,0,0,0,0,0,0,0,0,0,0,0,0,0,0,0,13
10,3,10,10,10,10,9,10,10,1,10,10,10,1,10,10,0,0,0,0,0,0,0,0,0,0,0,0,0,0,0,0,0,0,0,0,0,0,0,0,13
10,10,10,10,10,5,10,10,7,7,10,10,7,7,10,10,0,0,0,0,0,0,0,0,0,0,0,0,0,0,0,0,0,0,0,0,0,0,0,0,20
10,0,10,10,10,5,10,10,10,0,10,10,9,2,10,10,0,0,0,0,0,0,0,0,0,0,0,0,0,0,0,0,0,0,0,0,0,0,0,0,20
10,7,10,10,10,3,10,10,10,2,10,10,8,5,10,10,0,0,0,0,0,0,0,0,0,0,0,0,0,0,0,0,0,0,0,0,0,0,0,0,20
10,5,10,10,10,2,10,10,10,1,10,10,9,4,10,10,0,0,0,0,0,0,0,0,0,0,0,0,0,0,0,0,0,0,0,0,0,0,0,0,20
10,1,10,10,10,1,10,10,10,1,10,10,10,1,10,10,0,0,0,0,0,0,0,0,0,0,0,0,0,0,0,0,0,0,0,0,0,0,0,0,13
10,1,10,10,10,1,10,10,10,0,10,10,9,3,10,10,0,0,0,0,0,0,0,0,0,0,0,0,0,0,0,0,0,0,0,0,0,0,0,0,20
10,0,10,10,10,1,10,10,10,0,10,10,9,2,10,10,0,0,0,0,0,0,0,0,0,0,0,0,0,0,0,0,0,0,0,0,0,0,0,0,20
10,10,1,10,10,3,10,10,10,10,0,10,10,9,4,10,0,0,0,0,0,0,0,0,0,0,0,0,0,0,0,0,0,0,0,0,0,0,0,0,13
10,2,10,10,10,6,10,10,10,1,10,10,9,3,10,10,0,0,0,0,0,0,0,0,0,0,0,0,0,0,0,0,0,0,0,0,0,0,0,0,20
10,7,10,10,10,0,10,10,10,3,10,10,8,5,10,10,0,0,0,0,0,0,0,0,0,0,0,0,0,0,0,0,0,0,0,0,0,0,0,0,20
10,0,10,10,10,5,10,10,10,0,10,10,9,2,10,10,0,0,0,0,0,0,0,0,0,0,0,0,0,0,0,0,0,0,0,0,0,0,0,0,20
10,6,10,10,10,3,10,10,10,3,10,10,10,0,10,10,0,0,0,0,0,0,0,0,0,0,0,0,0,0,0,0,0,0,0,0,0,0,0,0,20
10,5,10,10,10,4,10,10,10,1,10,10,9,4,10,10,0,0,0,0,0,0,0,0,0,0,0,0,0,0,0,0,0,0,0,0,0,0,0,0,20
10,9,10,10,10,1,10,10,9,4,10,10,8,6,10,10,0,0,0,0,0,0,0,0,0,0,0,0,0,0,0,0,0,0,0,0,0,0,0,0,20
10,0,10,10,10,7,10,10,10,0,10,10,9,2,10,10,0,0,0,0,0,0,0,0,0,0,0,0,0,0,0,0,0,0,0,0,0,0,0,0,20
10,9,10,10,10,1,10,10,9,4,10,10,8,5,10,10,0,0,0,0,0,0,0,0,0,0,0,0,0,0,0,0,0,0,0,0,0,0,0,0,20
10,8,10,10,10,0,10,10,10,3,9,10,10,0,10,10,0,0,0,0,0,0,0,0,0,0,0,0,0,0,0,0,0,0,0,0,0,0,0,0,13
10,9,10,10,10,9,10,10,10,5,9,10,10,0,10,10,0,0,0,0,0,0,0,0,0,0,0,0,0,0,0,0,0,0,0,0,0,0,0,0,13
10,10,10,10,10,4,10,10,10,7,8,10,10,2,9,10,0,0,0,0,0,0,0,0,0,0,0,0,0,0,0,0,0,0,0,0,0,0,0,0,13
10,1,10,10,10,9,10,10,10,0,10,10,9,3,10,10,0,0,0,0,0,0,0,0,0,0,0,0,0,0,0,0,0,0,0,0,0,0,0,0,20
10,10,10,10,10,0,10,10,10,8,6,10,10,3,9,10,0,0,0,0,0,0,0,0,0,0,0,0,0,0,0,0,0,0,0,0,0,0,0,0,13
10,10,4,10,10,4,10,10,10,10,2,10,10,10,1,10,0,0,0,0,0,0,0,0,0,0,0,0,0,0,0,0,0,0,0,0,0,0,0,0,13
10,7,10,10,10,9,10,10,10,2,10,10,10,0,10,10,0,0,0,0,0,0,0,0,0,0,0,0,0,0,0,0,0,0,0,0,0,0,0,0,20
10,2,10,10,10,0,10,10,10,0,10,10,10,1,10,10,0,0,0,0,0,0,0,0,0,0,0,0,0,0,0,0,0,0,0,0,0,0,0,0,20
10,4,10,10,10,0,10,10,10,1,10,10,10,1,10,10,0,0,0,0,0,0,0,0,0,0,0,0,0,0,0,0,0,0,0,0,0,0,0,0,20
10,3,10,10,10,10,10,10,10,1,10,10,10,1,10,10,0,0,0,0,0,0,0,0,0,0,0,0,0,0,0,0,0,0,0,0,0,0,0,0,13
10,10,10,10,10,2,10,10,10,9,6,10,10,4,9,10,0,0,0,0,0,0,0,0,0,0,0,0,0,0,0,0,0,0,0,0,0,0,0,0,13
10,8,10,10,10,0,10,10,10,3,9,10,10,0,10,10,0,0,0,0,0,0,0,0,0,0,0,0,0,0,0,0,0,0,0,0,0,0,0,0,20
10,10,9,10,10,10,9,10,10,9,4,10,10,5,8,10,0,0,0,0,0,0,0,0,0,0,0,0,0,0,0,0,0,0,0,0,0,0,0,0,13
10,0,10,10,10,6,10,10,10,0,10,10,9,2,10,10,0,0,0,0,0,0,0,0,0,0,0,0,0,0,0,0,0,0,0,0,0,0,0,0,20
10,9,10,10,10,3,10,10,10,4,9,10,10,0,10,10,0,0,0,0,0,0,0,0,0,0,0,0,0,0,0,0,0,0,0,0,0,0,0,0,13
10,10,10,10,10,7,10,10,10,5,9,10,10,0,10,10,0,0,0,0,0,0,0,0,0,0,0,0,0,0,0,0,0,0,0,0,0,0,0,0,13
10,9,10,10,10,4,10,10,10,4,9,10,10,0,10,10,0,0,0,0,0,0,0,0,0,0,0,0,0,0,0,0,0,0,0,0,0,0,0,0,20
10,10,10,10,10,7,10,10,10,8,7,10,10,3,9,10,0,0,0,0,0,0,0,0,0,0,0,0,0,0,0,0,0,0,0,0,0,0,0,0,13
10,1,10,10,10,8,10,10,10,0,10,10,9,2,10,10,0,0,0,0,0,0,0,0,0,0,0,0,0,0,0,0,0,0,0,0,0,0,0,0,13
10,1,10,10,10,0,10,10,10,0,10,10,9,3,10,10,0,0,0,0,0,0,0,0,0,0,0,0,0,0,0,0,0,0,0,0,0,0,0,0,20
10,1,10,10,10,2,10,10,10,0,10,10,9,3,10,10,0,0,0,0,0,0,0,0,0,0,0,0,0,0,0,0,0,0,0,0,0,0,0,0,20
10,8,10,10,10,0,10,10,10,3,10,10,10,0,10,10,0,0,0,0,0,0,0,0,0,0,0,0,0,0,0,0,0,0,0,0,0,0,0,0,13
10,2,10,10,10,6,10,10,10,0,10,10,9,3,10,10,0,0,0,0,0,0,0,0,0,0,0,0,0,0,0,0,0,0,0,0,0,0,0,0,20
10,7,10,10,10,8,10,10,9,3,10,10,8,5,10,10,0,0,0,0,0,0,0,0,0,0,0,0,0,0,0,0,0,0,0,0,0,0,0,0,20
10,10,10,10,10,1,10,10,10,5,9,10,10,0,10,10,0,0,0,0,0,0,0,0,0,0,0,0,0,0,0,0,0,0,0,0,0,0,0,0,13
10,1,10,10,10,0,10,10,10,0,10,10,9,3,10,10,0,0,0,0,0,0,0,0,0,0,0,0,0,0,0,0,0,0,0,0,0,0,0,0,20
10,1,10,10,10,1,10,10,10,0,10,10,10,1,10,10,0,0,0,0,0,0,0,0,0,0,0,0,0,0,0,0,0,0,0,0,0,0,0,0,20
10,4,10,10,10,2,10,10,10,1,10,10,9,4,10,10,0,0,0,0,0,0,0,0,0,0,0,0,0,0,0,0,0,0,0,0,0,0,0,0,20
10,0,10,10,10,3,10,10,10,0,10,10,9,3,10,10,0,0,0,0,0,0,0,0,0,0,0,0,0,0,0,0,0,0,0,0,0,0,0,0,20
10,0,10,10,10,0,10,10,10,0,10,10,9,3,10,10,0,0,0,0,0,0,0,0,0,0,0,0,0,0,0,0,0,0,0,0,0,0,0,0,13
10,8,10,10,10,1,10,10,10,3,10,10,10,0,10,10,0,0,0,0,0,0,0,0,0,0,0,0,0,0,0,0,0,0,0,0,0,0,0,0,20
10,6,10,10,10,2,10,10,10,2,10,10,10,0,10,10,0,0,0,0,0,0,0,0,0,0,0,0,0,0,0,0,0,0,0,0,0,0,0,0,20
10,4,10,10,10,0,10,10,10,1,10,10,10,1,10,10,0,0,0,0,0,0,0,0,0,0,0,0,0,0,0,0,0,0,0,0,0,0,0,0,20
10,1,10,10,10,5,10,10,10,0,10,10,10,1,10,10,0,0,0,0,0,0,0,0,0,0,0,0,0,0,0,0,0,0,0,0,0,0,0,0,20
10,10,10,10,10,5,10,10,9,5,10,10,7,6,10,10,0,0,0,0,0,0,0,0,0,0,0,0,0,0,0,0,0,0,0,0,0,0,0,0,20
10,7,10,10,10,2,10,10,10,2,10,10,8,5,10,10,0,0,0,0,0,0,0,0,0,0,0,0,0,0,0,0,0,0,0,0,0,0,0,0,20
10,2,10,10,10,6,10,10,10,1,10,10,9,3,10,10,0,0,0,0,0,0,0,0,0,0,0,0,0,0,0,0,0,0,0,0,0,0,0,0,20
10,2,10,10,10,2,10,10,10,0,10,10,10,1,10,10,0,0,0,0,0,0,0,0,0,0,0,0,0,0,0,0,0,0,0,0,0,0,0,0,20
10,0,10,10,10,0,10,10,10,0,10,10,9,2,10,10,0,0,0,0,0,0,0,0,0,0,0,0,0,0,0,0,0,0,0,0,0,0,0,0,20
10,10,10,10,10,5,10,10,10,8,7,10,10,2,9,10,0,0,0,0,0,0,0,0,0,0,0,0,0,0,0,0,0,0,0,0,0,0,0,0,13
10,10,10,10,10,3,10,10,10,6,9,10,10,1,10,10,0,0,0,0,0,0,0,0,0,0,0,0,0,0,0,0,0,0,0,0,0,0,0,0,20
10,0,10,10,10,7,10,10,10,0,10,10,9,2,10,10,0,0,0,0,0,0,0,0,0,0,0,0,0,0,0,0,0,0,0,0,0,0,0,0,20
10,3,10,10,10,6,10,10,10,1,10,10,9,4,10,10,0,0,0,0,0,0,0,0,0,0,0,0,0,0,0,0,0,0,0,0,0,0,0,0,20
10,1,10,10,10,4,10,10,10,0,10,10,9,3,10,10,0,0,0,0,0,0,0,0,0,0,0,0,0,0,0,0,0,0,0,0,0,0,0,0,20
10,10,9,10,10,1,10,10,10,9,5,10,10,4,8,10,0,0,0,0,0,0,0,0,0,0,0,0,0,0,0,0,0,0,0,0,0,0,0,0,13
10,10,9,10,10,1,10,10,10,9,4,10,10,5,8,10,0,0,0,0,0,0,0,0,0,0,0,0,0,0,0,0,0,0,0,0,0,0,0,0,13
10,0,10,10,10,8,10,10,10,0,10,10,9,2,10,10,0,0,0,0,0,0,0,0,0,0,0,0,0,0,0,0,0,0,0,0,0,0,0,0,20
10,10,0,10,10,8,10,10,10,10,0,10,10,9,2,10,0,0,0,0,0,0,0,0,0,0,0,0,0,0,0,0,0,0,0,0,0,0,0,0,13
10,8,10,10,10,3,10,10,10,2,10,10,10,0,10,10,0,0,0,0,0,0,0,0,0,0,0,0,0,0,0,0,0,0,0,0,0,0,0,0,20
10,4,10,10,10,10,10,10,10,1,10,10,9,4,10,10,0,0,0,0,0,0,0,0,0,0,0,0,0,0,0,0,0,0,0,0,0,0,0,0,20
10,10,10,10,10,2,10,10,10,6,8,10,10,1,10,10,0,0,0,0,0,0,0,0,0,0,0,0,0,0,0,0,0,0,0,0,0,0,0,0,13
10,10,10,10,10,10,10,10,10,7,7,10,10,2,9,10,0,0,0,0,0,0,0,0,0,0,0,0,0,0,0,0,0,0,0,0,0,0,0,0,13
10,8,10,10,10,0,10,10,10,2,10,10,10,0,10,10,0,0,0,0,0,0,0,0,0,0,0,0,0,0,0,0,0,0,0,0,0,0,0,0,20
10,0,10,10,10,7,10,10,10,0,10,10,9,2,10,10,0,0,0,0,0,0,0,0,0,0,0,0,0,0,0,0,0,0,0,0,0,0,0,0,20
10,3,10,10,10,3,10,10,10,0,10,10,10,1,10,10,0,0,0,0,0,0,0,0,0,0,0,0,0,0,0,0,0,0,0,0,0,0,0,0,13
10,9,10,10,10,8,10,10,10,4,9,10,10,0,10,10,0,0,0,0,0,0,0,0,0,0,0,0,0,0,0,0,0,0,0,0,0,0,0,0,13
10,3,10,10,10,3,10,10,10,1,10,10,9,3,10,10,0,0,0,0,0,0,0,0,0,0,0,0,0,0,0,0,0,0,0,0,0,0,0,0,20
10,4,10,10,10,2,10,10,10,1,10,10,9,4,10,10,0,0,0,0,0,0,0,0,0,0,0,0,0,0,0,0,0,0,0,0,0,0,0,0,20
10,9,10,10,10,3,10,10,9,5,10,10,8,6,10,10,0,0,0,0,0,0,0,0,0,0,0,0,0,0,0,0,0,0,0,0,0,0,0,0,20
10,7,10,10,10,1,10,10,10,2,10,10,8,5,10,10,0,0,0,0,0,0,0,0,0,0,0,0,0,0,0,0,0,0,0,0,0,0,0,0,20
10,10,10,10,10,4,10,10,10,6,8,10,10,0,10,10,0,0,0,0,0,0,0,0,0,0,0,0,0,0,0,0,0,0,0,0,0,0,0,0,13
10,1,10,10,10,8,10,10,10,0,10,10,10,1,10,10,0,0,0,0,0,0,0,0,0,0,0,0,0,0,0,0,0,0,0,0,0,0,0,0,20
10,1,10,10,10,6,10,10,10,0,10,10,9,2,10,10,0,0,0,0,0,0,0,0,0,0,0,0,0,0,0,0,0,0,0,0,0,0,0,0,20
10,10,10,10,10,7,10,10,10,10,6,8,10,10,3,9,0,0,0,0,0,0,0,0,0,0,0,0,0,0,0,0,0,0,0,0,0,0,0,0,13
10,10,5,10,10,10,8,10,10,10,1,10,10,7,7,10,0,0,0,0,0,0,0,0,0,0,0,0,0,0,0,0,0,0,0,0,0,0,0,0,13
10,9,10,10,10,5,10,10,10,4,9,10,10,0,10,10,0,0,0,0,0,0,0,0,0,0,0,0,0,0,0,0,0,0,0,0,0,0,0,0,13
10,1,10,10,10,2,10,10,10,0,10,10,9,3,10,10,0,0,0,0,0,0,0,0,0,0,0,0,0,0,0,0,0,0,0,0,0,0,0,0,20
10,9,10,10,10,8,10,10,10,3,9,10,10,0,10,10,0,0,0,0,0,0,0,0,0,0,0,0,0,0,0,0,0,0,0,0,0,0,0,0,13
10,6,10,10,10,2,10,10,10,2,10,10,9,4,10,10,0,0,0,0,0,0,0,0,0,0,0,0,0,0,0,0,0,0,0,0,0,0,0,0,20
10,10,10,10,10,1,10,10,10,8,7,10,10,3,9,10,0,0,0,0,0,0,0,0,0,0,0,0,0,0,0,0,0,0,0,0,0,0,0,0,13
10,1,10,10,10,0,10,10,10,0,10,10,9,3,10,10,0,0,0,0,0,0,0,0,0,0,0,0,0,0,0,0,0,0,0,0,0,0,0,0,20
10,0,10,10,10,0,10,10,10,0,10,10,9,3,10,10,0,0,0,0,0,0,0,0,0,0,0,0,0,0,0,0,0,0,0,0,0,0,0,0,20
10,0,10,10,10,1,10,10,10,0,10,10,9,2,10,10,0,0,0,0,0,0,0,0,0,0,0,0,0,0,0,0,0,0,0,0,0,0,0,0,20
10,6,10,10,10,9,10,10,10,2,10,10,10,0,10,10,0,0,0,0,0,0,0,0,0,0,0,0,0,0,0,0,0,0,0,0,0,0,0,0,13
10,1,10,10,10,7,10,10,10,0,10,10,9,2,10,10,0,0,0,0,0,0,0,0,0,0,0,0,0,0,0,0,0,0,0,0,0,0,0,0,20
10,8,10,10,10,1,10,10,9,3,10,10,8,5,10,10,0,0,0,0,0,0,0,0,0,0,0,0,0,0,0,0,0,0,0,0,0,0,0,0,20
10,0,10,10,10,10,8,10,10,0,10,10,9,2,10,10,0,0,0,0,0,0,0,0,0,0,0,0,0,0,0,0,0,0,0,0,0,0,0,0,13
10,8,10,10,10,9,10,10,10,3,9,10,10,0,10,10,0,0,0,0,0,0,0,0,0,0,0,0,0,0,0,0,0,0,0,0,0,0,0,0,13
10,1,10,10,10,0,10,10,10,0,10,10,10,1,10,10,0,0,0,0,0,0,0,0,0,0,0,0,0,0,0,0,0,0,0,0,0,0,0,0,20
10,4,10,10,10,8,10,10,10,1,10,10,10,1,10,10,0,0,0,0,0,0,0,0,0,0,0,0,0,0,0,0,0,0,0,0,0,0,0,0,13
10,10,10,10,10,7,10,10,10,8,7,10,10,2,9,10,0,0,0,0,0,0,0,0,0,0,0,0,0,0,0,0,0,0,0,0,0,0,0,0,13
10,10,9,10,10,8,10,10,10,9,5,10,10,4,9,10,0,0,0,0,0,0,0,0,0,0,0,0,0,0,0,0,0,0,0,0,0,0,0,0,13
10,6,10,10,10,4,10,10,10,2,10,10,10,0,10,10,0,0,0,0,0,0,0,0,0,0,0,0,0,0,0,0,0,0,0,0,0,0,0,0,13
10,0,10,10,10,3,10,10,10,0,10,10,9,2,10,10,0,0,0,0,0,0,0,0,0,0,0,0,0,0,0,0,0,0,0,0,0,0,0,0,20
10,10,10,10,10,2,10,10,10,7,8,10,10,1,10,10,0,0,0,0,0,0,0,0,0,0,0,0,0,0,0,0,0,0,0,0,0,0,0,0,13
10,10,0,10,10,10,8,10,10,10,0,10,10,9,2,10,0,0,0,0,0,0,0,0,0,0,0,0,0,0,0,0,0,0,0,0,0,0,0,0,13
10,4,10,10,10,9,10,10,10,1,10,10,10,1,10,10,0,0,0,0,0,0,0,0,0,0,0,0,0,0,0,0,0,0,0,0,0,0,0,0,13
10,0,10,10,10,1,10,10,10,0,10,10,9,2,10,10,0,0,0,0,0,0,0,0,0,0,0,0,0,0,0,0,0,0,0,0,0,0,0,0,20
10,8,10,10,10,0,10,10,10,3,9,10,10,0,10,10,0,0,0,0,0,0,0,0,0,0,0,0,0,0,0,0,0,0,0,0,0,0,0,0,13
10,7,10,10,10,0,10,10,10,3,10,10,8,5,10,10,0,0,0,0,0,0,0,0,0,0,0,0,0,0,0,0,0,0,0,0,0,0,0,0,20
10,10,10,10,10,4,10,10,10,6,8,10,10,1,10,10,0,0,0,0,0,0,0,0,0,0,0,0,0,0,0,0,0,0,0,0,0,0,0,0,13
10,1,10,10,10,8,10,10,10,0,10,10,10,1,10,10,0,0,0,0,0,0,0,0,0,0,0,0,0,0,0,0,0,0,0,0,0,0,0,0,20
10,9,10,10,10,6,10,10,10,3,10,10,10,0,10,10,0,0,0,0,0,0,0,0,0,0,0,0,0,0,0,0,0,0,0,0,0,0,0,0,20
10,10,7,10,10,8,10,10,10,10,3,10,10,6,7,10,0,0,0,0,0,0,0,0,0,0,0,0,0,0,0,0,0,0,0,0,0,0,0,0,13
10,0,10,10,10,2,10,10,10,0,10,10,9,3,10,10,0,0,0,0,0,0,0,0,0,0,0,0,0,0,0,0,0,0,0,0,0,0,0,0,20
10,10,10,10,10,1,10,10,10,10,7,7,10,10,7,7,0,0,0,0,0,0,0,0,0,0,0,0,0,0,0,0,0,0,0,0,0,0,0,0,13
10,10,10,10,10,10,9,10,10,7,8,10,10,1,10,10,0,0,0,0,0,0,0,0,0,0,0,0,0,0,0,0,0,0,0,0,0,0,0,0,13
10,6,10,10,10,9,10,10,10,2,10,10,10,0,10,10,0,0,0,0,0,0,0,0,0,0,0,0,0,0,0,0,0,0,0,0,0,0,0,0,13
10,4,10,10,10,0,10,10,10,1,10,10,10,1,10,10,0,0,0,0,0,0,0,0,0,0,0,0,0,0,0,0,0,0,0,0,0,0,0,0,13
10,0,10,10,10,1,10,10,10,0,10,10,9,3,10,10,0,0,0,0,0,0,0,0,0,0,0,0,0,0,0,0,0,0,0,0,0,0,0,0,20
10,6,10,10,10,0,10,10,10,2,10,10,9,4,10,10,0,0,0,0,0,0,0,0,0,0,0,0,0,0,0,0,0,0,0,0,0,0,0,0,20
10,10,9,10,10,7,10,10,10,9,4,10,10,6,8,10,0,0,0,0,0,0,0,0,0,0,0,0,0,0,0,0,0,0,0,0,0,0,0,0,13
10,10,9,10,10,10,0,10,10,9,5,10,10,5,8,10,0,0,0,0,0,0,0,0,0,0,0,0,0,0,0,0,0,0,0,0,0,0,0,0,13
10,3,10,10,10,6,10,10,10,1,10,10,10,1,10,10,0,0,0,0,0,0,0,0,0,0,0,0,0,0,0,0,0,0,0,0,0,0,0,0,20
10,3,10,10,10,5,10,10,10,1,10,10,10,1,10,10,0,0,0,0,0,0,0,0,0,0,0,0,0,0,0,0,0,0,0,0,0,0,0,0,20
10,6,10,10,10,0,10,10,10,2,10,10,8,4,10,10,0,0,0,0,0,0,0,0,0,0,0,0,0,0,0,0,0,0,0,0,0,0,0,0,20
10,9,10,10,10,4,10,10,10,4,9,10,10,0,10,10,0,0,0,0,0,0,0,0,0,0,0,0,0,0,0,0,0,0,0,0,0,0,0,0,13
10,2,10,10,10,0,10,10,10,0,10,10,10,1,10,10,0,0,0,0,0,0,0,0,0,0,0,0,0,0,0,0,0,0,0,0,0,0,0,0,20
10,6,10,10,10,5,10,10,10,1,10,10,10,0,10,10,0,0,0,0,0,0,0,0,0,0,0,0,0,0,0,0,0,0,0,0,0,0,0,0,20
10,5,10,10,10,1,10,10,10,2,10,10,9,4,10,10,0,0,0,0,0,0,0,0,0,0,0,0,0,0,0,0,0,0,0,0,0,0,0,0,20
10,8,10,10,10,1,10,10,10,3,10,10,10,0,10,10,0,0,0,0,0,0,0,0,0,0,0,0,0,0,0,0,0,0,0,0,0,0,0,0,20
10,0,10,10,10,9,10,10,10,0,10,10,9,2,10,10,0,0,0,0,0,0,0,0,0,0,0,0,0,0,0,0,0,0,0,0,0,0,0,0,20
10,1,10,10,10,8,10,10,10,0,10,10,9,2,10,10,0,0,0,0,0,0,0,0,0,0,0,0,0,0,0,0,0,0,0,0,0,0,0,0,13
10,10,10,10,10,2,10,10,10,7,8,10,10,1,10,10,0,0,0,0,0,0,0,0,0,0,0,0,0,0,0,0,0,0,0,0,0,0,0,0,13
10,2,10,10,10,10,7,10,10,1,10,10,9,3,10,10,0,0,0,0,0,0,0,0,0,0,0,0,0,0,0,0,0,0,0,0,0,0,0,0,20
10,2,10,10,10,10,2,10,10,1,10,10,9,3,10,10,0,0,0,0,0,0,0,0,0,0,0,0,0,0,0,0,0,0,0,0,0,0,0,0,20
10,10,7,10,10,10,6,10,10,10,3,10,10,7,7,10,0,0,0,0,0,0,0,0,0,0,0,0,0,0,0,0,0,0,0,0,0,0,0,0,13
10,8,10,10,10,1,10,10,9,3,10,10,8,5,10,10,0,0,0,0,0,0,0,0,0,0,0,0,0,0,0,0,0,0,0,0,0,0,0,0,20
10,5,10,10,10,6,10,10,10,1,10,10,10,1,10,10,0,0,0,0,0,0,0,0,0,0,0,0,0,0,0,0,0,0,0,0,0,0,0,0,20
10,10,0,10,10,10,8,10,10,10,0,10,10,9,2,10,0,0,0,0,0,0,0,0,0,0,0,0,0,0,0,0,0,0,0,0,0,0,0,0,13
10,10,7,10,10,7,10,10,10,9,3,10,10,7,7,10,0,0,0,0,0,0,0,0,0,0,0,0,0,0,0,0,0,0,0,0,0,0,0,0,13
10,6,10,10,10,10,6,10,10,1,10,10,10,0,10,10,0,0,0,0,0,0,0,0,0,0,0,0,0,0,0,0,0,0,0,0,0,0,0,0,20
10,10,10,10,10,10,10,10,10,7,8,10,10,1,10,10,0,0,0,0,0,0,0,0,0,0,0,0,0,0,0,0,0,0,0,0,0,0,0,0,13
10,3,10,10,10,1,10,10,10,1,10,10,10,1,10,10,0,0,0,0,0,0,0,0,0,0,0,0,0,0,0,0,0,0,0,0,0,0,0,0,20
10,0,10,10,10,2,10,10,10,0,10,10,9,2,10,10,0,0,0,0,0,0,0,0,0,0,0,0,0,0,0,0,0,0,0,0,0,0,0,0,20
10,2,10,10,10,1,10,10,10,0,10,10,9,3,10,10,0,0,0,0,0,0,0,0,0,0,0,0,0,0,0,0,0,0,0,0,0,0,0,0,20
10,4,10,10,10,9,10,10,10,1,10,10,10,1,10,10,0,0,0,0,0,0,0,0,0,0,0,0,0,0,0,0,0,0,0,0,0,0,0,0,20
10,10,9,10,10,9,10,10,10,9,4,10,10,4,8,10,0,0,0,0,0,0,0,0,0,0,0,0,0,0,0,0,0,0,0,0,0,0,0,0,13
10,5,10,10,10,4,10,10,10,2,10,10,9,4,10,10,0,0,0,0,0,0,0,0,0,0,0,0,0,0,0,0,0,0,0,0,0,0,0,0,20
10,2,10,10,10,0,10,10,10,0,10,10,10,1,10,10,0,0,0,0,0,0,0,0,0,0,0,0,0,0,0,0,0,0,0,0,0,0,0,0,20
10,1,10,10,10,4,10,10,10,0,10,10,10,1,10,10,0,0,0,0,0,0,0,0,0,0,0,0,0,0,0,0,0,0,0,0,0,0,0,0,20
10,4,10,10,10,10,9,10,10,1,10,10,9,4,10,10,0,0,0,0,0,0,0,0,0,0,0,0,0,0,0,0,0,0,0,0,0,0,0,0,20
10,1,10,10,10,2,10,10,10,0,10,10,9,3,10,10,0,0,0,0,0,0,0,0,0,0,0,0,0,0,0,0,0,0,0,0,0,0,0,0,20
10,10,5,10,10,9,10,10,10,10,2,10,10,7,6,10,0,0,0,0,0,0,0,0,0,0,0,0,0,0,0,0,0,0,0,0,0,0,0,0,13
10,1,10,10,10,1,10,10,10,0,10,10,9,3,10,10,0,0,0,0,0,0,0,0,0,0,0,0,0,0,0,0,0,0,0,0,0,0,0,0,20
10,10,9,10,10,3,10,10,10,9,4,10,10,5,8,10,0,0,0,0,0,0,0,0,0,0,0,0,0,0,0,0,0,0,0,0,0,0,0,0,13
10,10,10,10,10,0,10,10,10,7,8,10,10,1,10,10,0,0,0,0,0,0,0,0,0,0,0,0,0,0,0,0,0,0,0,0,0,0,0,0,13
10,10,9,10,10,3,10,10,10,9,5,10,10,5,8,10,0,0,0,0,0,0,0,0,0,0,0,0,0,0,0,0,0,0,0,0,0,0,0,0,13
10,5,10,10,10,0,10,10,10,1,10,10,10,1,10,10,0,0,0,0,0,0,0,0,0,0,0,0,0,0,0,0,0,0,0,0,0,0,0,0,13
10,10,9,10,10,10,4,10,10,9,3,10,10,5,8,10,0,0,0,0,0,0,0,0,0,0,0,0,0,0,0,0,0,0,0,0,0,0,0,0,13
10,9,10,10,10,0,10,10,10,4,9,10,10,0,10,10,0,0,0,0,0,0,0,0,0,0,0,0,0,0,0,0,0,0,0,0,0,0,0,0,13
10,9,10,10,10,9,10,10,10,6,8,10,10,0,10,10,0,0,0,0,0,0,0,0,0,0,0,0,0,0,0,0,0,0,0,0,0,0,0,0,13
10,9,10,10,10,10,2,10,10,4,9,10,10,0,10,10,0,0,0,0,0,0,0,0,0,0,0,0,0,0,0,0,0,0,0,0,0,0,0,0,13
10,10,7,10,10,10,7,10,10,9,3,10,10,6,7,10,0,0,0,0,0,0,0,0,0,0,0,0,0,0,0,0,0,0,0,0,0,0,0,0,13
10,10,10,10,10,9,10,10,10,6,8,10,10,1,10,10,0,0,0,0,0,0,0,0,0,0,0,0,0,0,0,0,0,0,0,0,0,0,0,0,13
10,10,10,10,10,8,10,10,10,7,8,10,10,1,10,10,0,0,0,0,0,0,0,0,0,0,0,0,0,0,0,0,0,0,0,0,0,0,0,0,13
10,9,10,10,10,3,10,10,10,3,9,10,10,0,10,10,0,0,0,0,0,0,0,0,0,0,0,0,0,0,0,0,0,0,0,0,0,0,0,0,13
10,10,10,10,10,8,10,10,10,6,8,10,10,1,10,10,0,0,0,0,0,0,0,0,0,0,0,0,0,0,0,0,0,0,0,0,0,0,0,0,13
10,10,6,10,10,10,0,10,10,10,2,10,10,8,5,10,0,0,0,0,0,0,0,0,0,0,0,0,0,0,0,0,0,0,0,0,0,0,0,0,13
10,4,10,10,10,2,10,10,10,1,10,10,9,4,10,10,0,0,0,0,0,0,0,0,0,0,0,0,0,0,0,0,0,0,0,0,0,0,0,0,20
10,3,10,10,10,7,10,10,10,1,10,10,10,1,10,10,0,0,0,0,0,0,0,0,0,0,0,0,0,0,0,0,0,0,0,0,0,0,0,0,20
10,1,10,10,10,0,10,10,10,0,10,10,10,1,10,10,0,0,0,0,0,0,0,0,0,0,0,0,0,0,0,0,0,0,0,0,0,0,0,0,20
10,4,10,10,10,5,10,10,10,1,10,10,9,4,10,10,0,0,0,0,0,0,0,0,0,0,0,0,0,0,0,0,0,0,0,0,0,0,0,0,20
10,6,10,10,10,0,10,10,10,1,10,10,10,0,10,10,0,0,0,0,0,0,0,0,0,0,0,0,0,0,0,0,0,0,0,0,0,0,0,0,20
10,2,10,10,10,6,10,10,10,1,10,10,9,3,10,10,0,0,0,0,0,0,0,0,0,0,0,0,0,0,0,0,0,0,0,0,0,0,0,0,20
10,10,2,10,10,6,10,10,10,10,0,10,10,8,4,10,0,0,0,0,0,0,0,0,0,0,0,0,0,0,0,0,0,0,0,0,0,0,0,0,13
10,7,10,10,10,1,10,10,9,3,10,10,8,5,10,10,0,0,0,0,0,0,0,0,0,0,0,0,0,0,0,0,0,0,0,0,0,0,0,0,20
10,10,10,10,10,10,10,10,10,7,8,10,10,2,9,10,0,0,0,0,0,0,0,0,0,0,0,0,0,0,0,0,0,0,0,0,0,0,0,0,13
10,0,10,10,10,0,10,10,10,0,10,10,9,3,10,10,0,0,0,0,0,0,0,0,0,0,0,0,0,0,0,0,0,0,0,0,0,0,0,0,20
10,2,10,10,10,4,10,10,10,1,10,10,9,3,10,10,0,0,0,0,0,0,0,0,0,0,0,0,0,0,0,0,0,0,0,0,0,0,0,0,20
10,10,10,10,10,4,10,10,10,8,6,10,10,4,9,10,0,0,0,0,0,0,0,0,0,0,0,0,0,0,0,0,0,0,0,0,0,0,0,0,13
10,3,10,10,10,0,10,10,10,0,10,10,10,1,10,10,0,0,0,0,0,0,0,0,0,0,0,0,0,0,0,0,0,0,0,0,0,0,0,0,20
10,4,10,10,10,2,10,10,10,1,10,10,10,1,10,10,0,0,0,0,0,0,0,0,0,0,0,0,0,0,0,0,0,0,0,0,0,0,0,0,20
10,10,9,10,10,10,8,10,10,9,5,10,10,4,9,10,0,0,0,0,0,0,0,0,0,0,0,0,0,0,0,0,0,0,0,0,0,0,0,0,13
10,1,10,10,10,4,10,10,10,0,10,10,9,3,10,10,0,0,0,0,0,0,0,0,0,0,0,0,0,0,0,0,0,0,0,0,0,0,0,0,20
10,10,9,10,10,1,10,10,10,9,5,10,10,4,9,10,0,0,0,0,0,0,0,0,0,0,0,0,0,0,0,0,0,0,0,0,0,0,0,0,13
10,10,10,10,10,1,10,10,10,6,9,10,10,0,10,10,0,0,0,0,0,0,0,0,0,0,0,0,0,0,0,0,0,0,0,0,0,0,0,0,13
10,1,10,10,10,1,10,10,10,0,10,10,10,1,10,10,0,0,0,0,0,0,0,0,0,0,0,0,0,0,0,0,0,0,0,0,0,0,0,0,20
10,0,10,10,10,1,10,10,10,0,10,10,9,2,10,10,0,0,0,0,0,0,0,0,0,0,0,0,0,0,0,0,0,0,0,0,0,0,0,0,20
10,0,10,10,10,5,10,10,10,0,10,10,9,2,10,10,0,0,0,0,0,0,0,0,0,0,0,0,0,0,0,0,0,0,0,0,0,0,0,0,20
10,1,10,10,10,6,10,10,10,0,10,10,10,1,10,10,0,0,0,0,0,0,0,0,0,0,0,0,0,0,0,0,0,0,0,0,0,0,0,0,20
10,2,10,10,10,4,10,10,10,0,10,10,9,3,10,10,0,0,0,0,0,0,0,0,0,0,0,0,0,0,0,0,0,0,0,0,0,0,0,0,20
10,2,10,10,10,2,10,10,10,1,10,10,9,3,10,10,0,0,0,0,0,0,0,0,0,0,0,0,0,0,0,0,0,0,0,0,0,0,0,0,20
10,6,10,10,10,3,10,10,10,2,10,10,10,0,10,10,0,0,0,0,0,0,0,0,0,0,0,0,0,0,0,0,0,0,0,0,0,0,0,0,20
10,8,10,10,10,2,10,10,10,3,10,10,10,0,10,10,0,0,0,0,0,0,0,0,0,0,0,0,0,0,0,0,0,0,0,0,0,0,0,0,20
10,1,10,10,10,1,10,10,10,0,10,10,10,1,10,10,0,0,0,0,0,0,0,0,0,0,0,0,0,0,0,0,0,0,0,0,0,0,0,0,20
10,0,10,10,10,0,10,10,10,0,10,10,9,3,10,10,0,0,0,0,0,0,0,0,0,0,0,0,0,0,0,0,0,0,0,0,0,0,0,0,20
10,0,10,10,10,5,10,10,10,0,10,10,9,2,10,10,0,0,0,0,0,0,0,0,0,0,0,0,0,0,0,0,0,0,0,0,0,0,0,0,20
10,4,10,10,10,6,10,10,10,1,10,10,10,1,10,10,0,0,0,0,0,0,0,0,0,0,0,0,0,0,0,0,0,0,0,0,0,0,0,0,20
10,3,10,10,10,7,10,10,10,1,10,10,9,4,10,10,0,0,0,0,0,0,0,0,0,0,0,0,0,0,0,0,0,0,0,0,0,0,0,0,20
10,1,10,10,10,1,10,10,10,0,10,10,9,3,10,10,0,0,0,0,0,0,0,0,0,0,0,0,0,0,0,0,0,0,0,0,0,0,0,0,13
10,6,10,10,10,1,10,10,10,1,10,10,10,0,10,10,0,0,0,0,0,0,0,0,0,0,0,0,0,0,0,0,0,0,0,0,0,0,0,0,20
10,5,10,10,10,9,10,10,10,2,10,10,9,4,10,10,0,0,0,0,0,0,0,0,0,0,0,0,0,0,0,0,0,0,0,0,0,0,0,0,20
10,10,9,10,10,2,10,10,10,9,4,10,10,5,8,10,0,0,0,0,0,0,0,0,0,0,0,0,0,0,0,0,0,0,0,0,0,0,0,0,13
10,0,10,10,10,4,10,10,10,0,10,10,9,2,10,10,0,0,0,0,0,0,0,0,0,0,0,0,0,0,0,0,0,0,0,0,0,0,0,0,20
10,10,8,10,10,9,10,10,10,10,3,10,10,6,8,10,0,0,0,0,0,0,0,0,0,0,0,0,0,0,0,0,0,0,0,0,0,0,0,0,13
10,5,10,10,10,1,10,10,10,2,10,10,9,4,10,10,0,0,0,0,0,0,0,0,0,0,0,0,0,0,0,0,0,0,0,0,0,0,0,0,20
10,1,10,10,10,1,10,10,10,0,10,10,9,3,10,10,0,0,0,0,0,0,0,0,0,0,0,0,0,0,0,0,0,0,0,0,0,0,0,0,20
10,1,10,10,10,10,10,10,10,0,10,10,9,3,10,10,0,0,0,0,0,0,0,0,0,0,0,0,0,0,0,0,0,0,0,0,0,0,0,0,20
10,2,10,10,10,1,10,10,10,0,10,10,10,1,10,10,0,0,0,0,0,0,0,0,0,0,0,0,0,0,0,0,0,0,0,0,0,0,0,0,20
10,9,10,10,10,3,10,10,9,4,10,10,8,5,10,10,0,0,0,0,0,0,0,0,0,0,0,0,0,0,0,0,0,0,0,0,0,0,0,0,20
10,3,10,10,10,7,10,10,10,0,10,10,10,1,10,10,0,0,0,0,0,0,0,0,0,0,0,0,0,0,0,0,0,0,0,0,0,0,0,0,20
10,1,10,10,10,5,10,10,10,0,10,10,10,1,10,10,0,0,0,0,0,0,0,0,0,0,0,0,0,0,0,0,0,0,0,0,0,0,0,0,20
10,1,10,10,10,2,10,10,10,0,10,10,9,3,10,10,0,0,0,0,0,0,0,0,0,0,0,0,0,0,0,0,0,0,0,0,0,0,0,0,20
10,7,10,10,10,1,10,10,10,2,10,10,10,0,10,10,0,0,0,0,0,0,0,0,0,0,0,0,0,0,0,0,0,0,0,0,0,0,0,0,20
10,1,10,10,10,6,10,10,10,0,10,10,9,2,10,10,0,0,0,0,0,0,0,0,0,0,0,0,0,0,0,0,0,0,0,0,0,0,0,0,20
10,1,10,10,10,9,10,10,10,0,10,10,9,3,10,10,0,0,0,0,0,0,0,0,0,0,0,0,0,0,0,0,0,0,0,0,0,0,0,0,20
10,9,10,10,10,1,10,10,9,5,10,10,8,6,10,10,0,0,0,0,0,0,0,0,0,0,0,0,0,0,0,0,0,0,0,0,0,0,0,0,20
10,0,10,10,10,0,10,10,10,0,10,10,9,2,10,10,0,0,0,0,0,0,0,0,0,0,0,0,0,0,0,0,0,0,0,0,0,0,0,0,20
10,0,10,10,10,4,10,10,10,0,10,10,9,2,10,10,0,0,0,0,0,0,0,0,0,0,0,0,0,0,0,0,0,0,0,0,0,0,0,0,20
10,10,10,10,10,2,10,10,10,8,7,10,10,2,9,10,0,0,0,0,0,0,0,0,0,0,0,0,0,0,0,0,0,0,0,0,0,0,0,0,13
10,9,10,10,10,2,10,10,9,3,10,10,8,5,10,10,0,0,0,0,0,0,0,0,0,0,0,0,0,0,0,0,0,0,0,0,0,0,0,0,20
10,0,10,10,10,0,10,10,10,0,10,10,9,2,10,10,0,0,0,0,0,0,0,0,0,0,0,0,0,0,0,0,0,0,0,0,0,0,0,0,20
10,6,10,10,10,0,10,10,10,2,10,10,9,4,10,10,0,0,0,0,0,0,0,0,0,0,0,0,0,0,0,0,0,0,0,0,0,0,0,0,20
10,10,8,10,10,3,10,10,10,9,4,10,10,6,7,10,0,0,0,0,0,0,0,0,0,0,0,0,0,0,0,0,0,0,0,0,0,0,0,0,13
10,1,10,10,10,6,10,10,10,0,10,10,9,2,10,10,0,0,0,0,0,0,0,0,0,0,0,0,0,0,0,0,0,0,0,0,0,0,0,0,20
10,10,7,10,10,7,10,10,10,10,2,10,10,6,7,10,0,0,0,0,0,0,0,0,0,0,0,0,0,0,0,0,0,0,0,0,0,0,0,0,13
10,0,10,10,10,2,10,10,10,0,10,10,9,2,10,10,0,0,0,0,0,0,0,0,0,0,0,0,0,0,0,0,0,0,0,0,0,0,0,0,20
10,0,10,10,10,0,10,10,10,0,10,10,9,2,10,10,0,0,0,0,0,0,0,0,0,0,0,0,0,0,0,0,0,0,0,0,0,0,0,0,20
10,5,10,10,10,6,10,10,10,1,10,10,10,0,10,10,0,0,0,0,0,0,0,0,0,0,0,0,0,0,0,0,0,0,0,0,0,0,0,0,20
10,0,10,10,10,0,10,10,10,0,10,10,9,2,10,10,0,0,0,0,0,0,0,0,0,0,0,0,0,0,0,0,0,0,0,0,0,0,0,0,20
10,10,10,10,10,5,10,10,10,5,9,10,10,0,10,10,0,0,0,0,0,0,0,0,0,0,0,0,0,0,0,0,0,0,0,0,0,0,0,0,13
10,10,10,10,10,7,10,10,10,5,9,10,10,0,10,10,0,0,0,0,0,0,0,0,0,0,0,0,0,0,0,0,0,0,0,0,0,0,0,0,13
10,10,10,10,10,1,10,10,10,5,9,10,10,0,10,10,0,0,0,0,0,0,0,0,0,0,0,0,0,0,0,0,0,0,0,0,0,0,0,0,13
10,1,10,10,10,3,10,10,10,0,10,10,10,1,10,10,0,0,0,0,0,0,0,0,0,0,0,0,0,0,0,0,0,0,0,0,0,0,0,0,20
10,2,10,10,10,4,10,10,10,1,10,10,9,3,10,10,0,0,0,0,0,0,0,0,0,0,0,0,0,0,0,0,0,0,0,0,0,0,0,0,20
10,2,10,10,10,3,10,10,10,1,10,10,9,3,10,10,0,0,0,0,0,0,0,0,0,0,0,0,0,0,0,0,0,0,0,0,0,0,0,0,20
10,0,10,10,10,2,10,10,10,0,10,10,9,2,10,10,0,0,0,0,0,0,0,0,0,0,0,0,0,0,0,0,0,0,0,0,0,0,0,0,20
10,10,10,10,10,6,10,10,10,6,8,10,10,1,10,10,0,0,0,0,0,0,0,0,0,0,0,0,0,0,0,0,0,0,0,0,0,0,0,0,13
10,1,10,10,10,4,10,10,10,0,10,10,10,1,10,10,0,0,0,0,0,0,0,0,0,0,0,0,0,0,0,0,0,0,0,0,0,0,0,0,20
10,10,10,10,10,7,10,10,10,8,6,10,10,3,9,10,0,0,0,0,0,0,0,0,0,0,0,0,0,0,0,0,0,0,0,0,0,0,0,0,13
10,7,10,10,10,0,10,10,10,2,10,10,8,4,10,10,0,0,0,0,0,0,0,0,0,0,0,0,0,0,0,0,0,0,0,0,0,0,0,0,20
10,10,1,10,10,9,10,10,10,10,0,10,10,10,1,10,0,0,0,0,0,0,0,0,0,0,0,0,0,0,0,0,0,0,0,0,0,0,0,0,13
10,6,10,10,10,0,10,10,10,2,10,10,10,0,10,10,0,0,0,0,0,0,0,0,0,0,0,0,0,0,0,0,0,0,0,0,0,0,0,0,20
10,8,10,10,10,0,10,10,9,3,10,10,8,5,10,10,0,0,0,0,0,0,0,0,0,0,0,0,0,0,0,0,0,0,0,0,0,0,0,0,20
10,3,10,10,10,2,10,10,10,1,10,10,9,3,10,10,0,0,0,0,0,0,0,0,0,0,0,0,0,0,0,0,0,0,0,0,0,0,0,0,20
10,10,9,10,10,7,10,10,10,9,4,10,10,5,8,10,0,0,0,0,0,0,0,0,0,0,0,0,0,0,0,0,0,0,0,0,0,0,0,0,13
10,1,10,10,10,1,10,10,10,0,10,10,9,3,10,10,0,0,0,0,0,0,0,0,0,0,0,0,0,0,0,0,0,0,0,0,0,0,0,0,20
10,6,10,10,10,3,10,10,10,2,10,10,9,4,10,10,0,0,0,0,0,0,0,0,0,0,0,0,0,0,0,0,0,0,0,0,0,0,0,0,20
10,0,10,10,10,2,10,10,10,0,10,10,9,2,10,10,0,0,0,0,0,0,0,0,0,0,0,0,0,0,0,0,0,0,0,0,0,0,0,0,20
10,7,10,10,10,3,10,10,10,2,10,10,10,0,10,10,0,0,0,0,0,0,0,0,0,0,0,0,0,0,0,0,0,0,0,0,0,0,0,0,20
10,1,10,10,10,1,10,10,10,0,10,10,9,3,10,10,0,0,0,0,0,0,0,0,0,0,0,0,0,0,0,0,0,0,0,0,0,0,0,0,20
10,0,10,10,10,2,10,10,10,0,10,10,9,3,10,10,0,0,0,0,0,0,0,0,0,0,0,0,0,0,0,0,0,0,0,0,0,0,0,0,20
10,1,10,10,10,0,10,10,10,0,10,10,9,3,10,10,0,0,0,0,0,0,0,0,0,0,0,0,0,0,0,0,0,0,0,0,0,0,0,0,20
10,9,10,10,10,2,10,10,10,5,9,10,10,0,10,10,0,0,0,0,0,0,0,0,0,0,0,0,0,0,0,0,0,0,0,0,0,0,0,0,13
10,10,8,10,10,0,10,10,10,10,4,9,10,10,0,10,0,0,0,0,0,0,0,0,0,0,0,0,0,0,0,0,0,0,0,0,0,0,0,0,13
10,8,10,10,10,10,9,10,10,3,10,10,10,0,10,10,0,0,0,0,0,0,0,0,0,0,0,0,0,0,0,0,0,0,0,0,0,0,0,0,13
10,2,10,10,10,4,10,10,10,1,10,10,9,3,10,10,0,0,0,0,0,0,0,0,0,0,0,0,0,0,0,0,0,0,0,0,0,0,0,0,20
10,0,10,10,10,2,10,10,10,0,10,10,9,2,10,10,0,0,0,0,0,0,0,0,0,0,0,0,0,0,0,0,0,0,0,0,0,0,0,0,20
10,1,10,10,10,1,10,10,10,0,10,10,10,1,10,10,0,0,0,0,0,0,0,0,0,0,0,0,0,0,0,0,0,0,0,0,0,0,0,0,20
10,4,10,10,10,0,10,10,10,1,10,10,10,1,10,10,0,0,0,0,0,0,0,0,0,0,0,0,0,0,0,0,0,0,0,0,0,0,0,0,20
10,9,10,10,10,1,10,10,9,4,10,10,8,5,10,10,0,0,0,0,0,0,0,0,0,0,0,0,0,0,0,0,0,0,0,0,0,0,0,0,20
10,8,10,10,10,1,10,10,9,3,10,10,8,5,10,10,0,0,0,0,0,0,0,0,0,0,0,0,0,0,0,0,0,0,0,0,0,0,0,0,20
10,0,10,10,10,1,10,10,10,0,10,10,9,2,10,10,0,0,0,0,0,0,0,0,0,0,0,0,0,0,0,0,0,0,0,0,0,0,0,0,20
10,2,10,10,10,7,10,10,10,0,10,10,10,1,10,10,0,0,0,0,0,0,0,0,0,0,0,0,0,0,0,0,0,0,0,0,0,0,0,0,20
10,1,10,10,10,2,10,10,10,0,10,10,9,2,10,10,0,0,0,0,0,0,0,0,0,0,0,0,0,0,0,0,0,0,0,0,0,0,0,0,20
10,10,10,10,10,1,10,10,10,5,9,10,10,0,10,10,0,0,0,0,0,0,0,0,0,0,0,0,0,0,0,0,0,0,0,0,0,0,0,0,20
10,2,10,10,10,0,10,10,10,0,10,10,10,1,10,10,0,0,0,0,0,0,0,0,0,0,0,0,0,0,0,0,0,0,0,0,0,0,0,0,20
10,10,7,10,10,7,10,10,10,9,3,10,10,6,7,10,0,0,0,0,0,0,0,0,0,0,0,0,0,0,0,0,0,0,0,0,0,0,0,0,13
10,10,8,10,10,10,8,10,10,9,3,10,10,6,8,10,0,0,0,0,0,0,0,0,0,0,0,0,0,0,0,0,0,0,0,0,0,0,0,0,13
10,0,10,10,10,0,10,10,10,0,10,10,9,2,10,10,0,0,0,0,0,0,0,0,0,0,0,0,0,0,0,0,0,0,0,0,0,0,0,0,20
10,10,2,10,10,0,10,10,10,10,1,10,10,9,4,10,0,0,0,0,0,0,0,0,0,0,0,0,0,0,0,0,0,0,0,0,0,0,0,0,13
10,10,1,10,10,7,10,10,10,10,0,10,10,8,5,10,0,0,0,0,0,0,0,0,0,0,0,0,0,0,0,0,0,0,0,0,0,0,0,0,13
10,10,10,10,10,9,10,10,10,6,9,10,10,0,10,10,0,0,0,0,0,0,0,0,0,0,0,0,0,0,0,0,0,0,0,0,0,0,0,0,13
10,8,10,10,10,6,10,10,10,3,10,10,10,0,10,10,0,0,0,0,0,0,0,0,0,0,0,0,0,0,0,0,0,0,0,0,0,0,0,0,20
10,10,4,10,10,2,10,10,10,10,1,10,10,8,6,10,0,0,0,0,0,0,0,0,0,0,0,0,0,0,0,0,0,0,0,0,0,0,0,0,13
10,10,6,10,10,0,10,10,10,10,3,10,10,7,7,10,0,0,0,0,0,0,0,0,0,0,0,0,0,0,0,0,0,0,0,0,0,0,0,0,13
10,4,10,10,10,1,10,10,10,1,10,10,10,1,10,10,0,0,0,0,0,0,0,0,0,0,0,0,0,0,0,0,0,0,0,0,0,0,0,0,20
10,10,10,10,10,1,10,10,10,5,9,10,10,0,10,10,0,0,0,0,0,0,0,0,0,0,0,0,0,0,0,0,0,0,0,0,0,0,0,0,20
10,5,10,10,10,4,10,10,10,1,10,10,9,4,10,10,0,0,0,0,0,0,0,0,0,0,0,0,0,0,0,0,0,0,0,0,0,0,0,0,20
10,3,10,10,10,10,5,10,10,0,10,10,10,1,10,10,0,0,0,0,0,0,0,0,0,0,0,0,0,0,0,0,0,0,0,0,0,0,0,0,20
10,3,10,10,10,2,10,10,10,1,10,10,10,1,10,10,0,0,0,0,0,0,0,0,0,0,0,0,0,0,0,0,0,0,0,0,0,0,0,0,20
10,3,10,10,10,2,10,10,10,0,10,10,9,4,10,10,0,0,0,0,0,0,0,0,0,0,0,0,0,0,0,0,0,0,0,0,0,0,0,0,13
10,2,10,10,10,6,10,10,10,0,10,10,9,3,10,10,0,0,0,0,0,0,0,0,0,0,0,0,0,0,0,0,0,0,0,0,0,0,0,0,20
10,3,10,10,10,2,10,10,10,1,10,10,9,3,10,10,0,0,0,0,0,0,0,0,0,0,0,0,0,0,0,0,0,0,0,0,0,0,0,0,20
10,0,10,10,10,8,10,10,10,0,10,10,9,2,10,10,0,0,0,0,0,0,0,0,0,0,0,0,0,0,0,0,0,0,0,0,0,0,0,0,20
10,0,10,10,10,0,10,10,10,0,10,10,9,2,10,10,0,0,0,0,0,0,0,0,0,0,0,0,0,0,0,0,0,0,0,0,0,0,0,0,20
10,2,10,10,10,5,10,10,10,0,10,10,10,1,10,10,0,0,0,0,0,0,0,0,0,0,0,0,0,0,0,0,0,0,0,0,0,0,0,0,20
10,7,10,10,10,9,10,10,10,2,10,10,10,0,10,10,0,0,0,0,0,0,0,0,0,0,0,0,0,0,0,0,0,0,0,0,0,0,0,0,13
10,0,10,10,10,4,10,10,10,0,10,10,9,2,10,10,0,0,0,0,0,0,0,0,0,0,0,0,0,0,0,0,0,0,0,0,0,0,0,0,20
10,4,10,10,10,1,10,10,10,1,10,10,10,1,10,10,0,0,0,0,0,0,0,0,0,0,0,0,0,0,0,0,0,0,0,0,0,0,0,0,20
10,2,10,10,10,1,10,10,10,0,10,10,9,3,10,10,0,0,0,0,0,0,0,0,0,0,0,0,0,0,0,0,0,0,0,0,0,0,0,0,20
10,10,9,10,10,9,10,10,10,9,4,10,10,5,8,10,0,0,0,0,0,0,0,0,0,0,0,0,0,0,0,0,0,0,0,0,0,0,0,0,13
10,6,10,10,10,8,10,10,10,2,10,10,9,4,10,10,0,0,0,0,0,0,0,0,0,0,0,0,0,0,0,0,0,0,0,0,0,0,0,0,20
10,9,10,10,10,0,10,10,9,5,10,10,8,6,10,10,0,0,0,0,0,0,0,0,0,0,0,0,0,0,0,0,0,0,0,0,0,0,0,0,20
10,9,10,10,10,4,10,10,10,4,9,10,10,0,10,10,0,0,0,0,0,0,0,0,0,0,0,0,0,0,0,0,0,0,0,0,0,0,0,0,13
10,10,3,10,10,8,10,10,10,10,1,10,10,8,6,10,0,0,0,0,0,0,0,0,0,0,0,0,0,0,0,0,0,0,0,0,0,0,0,0,13
10,0,10,10,10,0,10,10,10,0,10,10,9,2,10,10,0,0,0,0,0,0,0,0,0,0,0,0,0,0,0,0,0,0,0,0,0,0,0,0,20
10,5,10,10,10,0,10,10,10,1,10,10,10,0,10,10,0,0,0,0,0,0,0,0,0,0,0,0,0,0,0,0,0,0,0,0,0,0,0,0,20
10,3,10,10,10,2,10,10,10,1,10,10,10,1,10,10,0,0,0,0,0,0,0,0,0,0,0,0,0,0,0,0,0,0,0,0,0,0,0,0,20
10,1,10,10,10,0,10,10,10,0,10,10,9,2,10,10,0,0,0,0,0,0,0,0,0,0,0,0,0,0,0,0,0,0,0,0,0,0,0,0,20
10,3,10,10,10,3,10,10,10,1,10,10,9,3,10,10,0,0,0,0,0,0,0,0,0,0,0,0,0,0,0,0,0,0,0,0,0,0,0,0,20
10,0,10,10,10,0,10,10,10,0,10,10,9,3,10,10,0,0,0,0,0,0,0,0,0,0,0,0,0,0,0,0,0,0,0,0,0,0,0,0,20
10,10,10,10,10,6,10,10,10,9,5,10,10,2,9,10,0,0,0,0,0,0,0,0,0,0,0,0,0,0,0,0,0,0,0,0,0,0,0,0,13
10,0,10,10,10,9,10,10,10,0,10,10,9,2,10,10,0,0,0,0,0,0,0,0,0,0,0,0,0,0,0,0,0,0,0,0,0,0,0,0,20
10,1,10,10,10,1,10,10,10,0,10,10,10,1,10,10,0,0,0,0,0,0,0,0,0,0,0,0,0,0,0,0,0,0,0,0,0,0,0,0,20
10,1,10,10,10,0,10,10,10,0,10,10,9,2,10,10,0,0,0,0,0,0,0,0,0,0,0,0,0,0,0,0,0,0,0,0,0,0,0,0,20
10,0,10,10,10,2,10,10,10,0,10,10,9,2,10,10,0,0,0,0,0,0,0,0,0,0,0,0,0,0,0,0,0,0,0,0,0,0,0,0,20
10,3,10,10,10,1,10,10,10,1,10,10,9,4,10,10,0,0,0,0,0,0,0,0,0,0,0,0,0,0,0,0,0,0,0,0,0,0,0,0,20
10,10,10,10,10,3,10,10,10,5,9,10,10,0,10,10,0,0,0,0,0,0,0,0,0,0,0,0,0,0,0,0,0,0,0,0,0,0,0,0,20
10,1,10,10,10,7,10,10,10,0,10,10,10,1,10,10,0,0,0,0,0,0,0,0,0,0,0,0,0,0,0,0,0,0,0,0,0,0,0,0,20
10,10,10,10,10,5,10,10,10,8,7,10,10,2,9,10,0,0,0,0,0,0,0,0,0,0,0,0,0,0,0,0,0,0,0,0,0,0,0,0,13
10,0,10,10,10,0,10,10,10,0,10,10,9,2,10,10,0,0,0,0,0,0,0,0,0,0,0,0,0,0,0,0,0,0,0,0,0,0,0,0,20
10,2,10,10,10,0,10,10,10,1,10,10,9,3,10,10,0,0,0,0,0,0,0,0,0,0,0,0,0,0,0,0,0,0,0,0,0,0,0,0,20
10,3,10,10,10,0,10,10,10,1,10,10,9,3,10,10,0,0,0,0,0,0,0,0,0,0,0,0,0,0,0,0,0,0,0,0,0,0,0,0,20
10,8,10,10,10,7,10,10,9,3,10,10,8,5,10,10,0,0,0,0,0,0,0,0,0,0,0,0,0,0,0,0,0,0,0,0,0,0,0,0,20
10,8,10,10,10,8,10,10,10,3,10,10,10,0,10,10,0,0,0,0,0,0,0,0,0,0,0,0,0,0,0,0,0,0,0,0,0,0,0,0,20
10,8,10,10,10,10,2,10,10,2,10,10,10,0,10,10,0,0,0,0,0,0,0,0,0,0,0,0,0,0,0,0,0,0,0,0,0,0,0,0,13
10,0,10,10,10,6,10,10,10,0,10,10,9,3,10,10,0,0,0,0,0,0,0,0,0,0,0,0,0,0,0,0,0,0,0,0,0,0,0,0,20
10,8,10,10,10,7,10,10,9,3,10,10,8,5,10,10,0,0,0,0,0,0,0,0,0,0,0,0,0,0,0,0,0,0,0,0,0,0,0,0,20
10,9,10,10,10,6,10,10,10,4,9,10,10,0,10,10,0,0,0,0,0,0,0,0,0,0,0,0,0,0,0,0,0,0,0,0,0,0,0,0,13
10,0,10,10,10,8,10,10,10,0,10,10,9,2,10,10,0,0,0,0,0,0,0,0,0,0,0,0,0,0,0,0,0,0,0,0,0,0,0,0,20
10,2,10,10,10,7,10,10,10,1,10,10,9,3,10,10,0,0,0,0,0,0,0,0,0,0,0,0,0,0,0,0,0,0,0,0,0,0,0,0,20
10,1,10,10,10,2,10,10,10,0,10,10,9,3,10,10,0,0,0,0,0,0,0,0,0,0,0,0,0,0,0,0,0,0,0,0,0,0,0,0,20
10,7,10,10,10,4,10,10,10,3,9,10,10,0,10,10,0,0,0,0,0,0,0,0,0,0,0,0,0,0,0,0,0,0,0,0,0,0,0,0,20
10,1,10,10,10,1,10,10,10,0,10,10,9,3,10,10,0,0,0,0,0,0,0,0,0,0,0,0,0,0,0,0,0,0,0,0,0,0,0,0,20
10,3,10,10,10,2,10,10,10,1,10,10,10,1,10,10,0,0,0,0,0,0,0,0,0,0,0,0,0,0,0,0,0,0,0,0,0,0,0,0,20
10,7,10,10,10,2,10,10,10,3,10,10,8,5,10,10,0,0,0,0,0,0,0,0,0,0,0,0,0,0,0,0,0,0,0,0,0,0,0,0,20
10,7,10,10,10,6,10,10,10,3,10,10,8,4,10,10,0,0,0,0,0,0,0,0,0,0,0,0,0,0,0,0,0,0,0,0,0,0,0,0,20
10,5,10,10,10,2,10,10,10,1,10,10,9,4,10,10,0,0,0,0,0,0,0,0,0,0,0,0,0,0,0,0,0,0,0,0,0,0,0,0,20
10,4,10,10,10,8,10,10,10,1,10,10,9,4,10,10,0,0,0,0,0,0,0,0,0,0,0,0,0,0,0,0,0,0,0,0,0,0,0,0,20
10,2,10,10,10,0,10,10,10,1,10,10,9,3,10,10,0,0,0,0,0,0,0,0,0,0,0,0,0,0,0,0,0,0,0,0,0,0,0,0,20
10,0,10,10,10,0,10,10,10,0,10,10,9,2,10,10,0,0,0,0,0,0,0,0,0,0,0,0,0,0,0,0,0,0,0,0,0,0,0,0,20
10,8,10,10,10,8,10,10,10,4,9,10,10,0,10,10,0,0,0,0,0,0,0,0,0,0,0,0,0,0,0,0,0,0,0,0,0,0,0,0,13
10,0,10,10,10,0,10,10,10,0,10,10,9,2,10,10,0,0,0,0,0,0,0,0,0,0,0,0,0,0,0,0,0,0,0,0,0,0,0,0,20
10,10,8,10,10,3,10,10,10,9,3,10,10,6,8,10,0,0,0,0,0,0,0,0,0,0,0,0,0,0,0,0,0,0,0,0,0,0,0,0,13
10,10,10,10,10,7,10,10,10,9,6,10,10,4,9,10,0,0,0,0,0,0,0,0,0,0,0,0,0,0,0,0,0,0,0,0,0,0,0,0,13
10,8,10,10,10,0,10,10,10,2,10,10,10,0,10,10,0,0,0,0,0,0,0,0,0,0,0,0,0,0,0,0,0,0,0,0,0,0,0,0,20
10,5,10,10,10,3,10,10,10,1,10,10,10,1,10,10,0,0,0,0,0,0,0,0,0,0,0,0,0,0,0,0,0,0,0,0,0,0,0,0,13
10,1,10,10,10,3,10,10,10,0,10,10,9,2,10,10,0,0,0,0,0,0,0,0,0,0,0,0,0,0,0,0,0,0,0,0,0,0,0,0,20
10,5,10,10,10,1,10,10,10,1,10,10,10,0,10,10,0,0,0,0,0,0,0,0,0,0,0,0,0,0,0,0,0,0,0,0,0,0,0,0,20
10,4,10,10,10,3,10,10,10,1,10,10,10,1,10,10,0,0,0,0,0,0,0,0,0,0,0,0,0,0,0,0,0,0,0,0,0,0,0,0,20
10,5,10,10,10,1,10,10,10,1,10,10,10,1,10,10,0,0,0,0,0,0,0,0,0,0,0,0,0,0,0,0,0,0,0,0,0,0,0,0,20
10,3,10,10,10,0,10,10,10,1,10,10,9,3,10,10,0,0,0,0,0,0,0,0,0,0,0,0,0,0,0,0,0,0,0,0,0,0,0,0,20
10,10,10,10,10,10,9,10,10,7,8,10,10,1,10,10,0,0,0,0,0,0,0,0,0,0,0,0,0,0,0,0,0,0,0,0,0,0,0,0,13
10,4,10,10,10,1,10,10,10,1,10,10,10,1,10,10,0,0,0,0,0,0,0,0,0,0,0,0,0,0,0,0,0,0,0,0,0,0,0,0,20
10,5,10,10,10,1,10,10,10,2,10,10,9,4,10,10,0,0,0,0,0,0,0,0,0,0,0,0,0,0,0,0,0,0,0,0,0,0,0,0,20
10,10,10,10,10,0,10,10,10,8,7,10,10,2,9,10,0,0,0,0,0,0,0,0,0,0,0,0,0,0,0,0,0,0,0,0,0,0,0,0,13
10,0,10,10,10,10,9,10,10,0,10,10,9,2,10,10,0,0,0,0,0,0,0,0,0,0,0,0,0,0,0,0,0,0,0,0,0,0,0,0,20
10,10,10,10,10,10,6,10,10,8,7,10,10,2,9,10,0,0,0,0,0,0,0,0,0,0,0,0,0,0,0,0,0,0,0,0,0,0,0,0,13
10,8,10,10,10,0,10,10,10,2,10,10,10,0,10,10,0,0,0,0,0,0,0,0,0,0,0,0,0,0,0,0,0,0,0,0,0,0,0,0,20
10,7,10,10,10,3,10,10,10,2,10,10,10,0,10,10,0,0,0,0,0,0,0,0,0,0,0,0,0,0,0,0,0,0,0,0,0,0,0,0,20
10,10,5,10,10,5,10,10,10,10,2,10,10,8,6,10,0,0,0,0,0,0,0,0,0,0,0,0,0,0,0,0,0,0,0,0,0,0,0,0,13
10,0,10,10,10,7,10,10,10,0,10,10,9,3,10,10,0,0,0,0,0,0,0,0,0,0,0,0,0,0,0,0,0,0,0,0,0,0,0,0,20
10,10,9,10,10,10,9,10,10,9,5,10,10,5,8,10,0,0,0,0,0,0,0,0,0,0,0,0,0,0,0,0,0,0,0,0,0,0,0,0,13
10,0,10,10,10,10,5,10,10,0,10,10,9,2,10,10,0,0,0,0,0,0,0,0,0,0,0,0,0,0,0,0,0,0,0,0,0,0,0,0,20
10,7,10,10,10,4,10,10,10,2,10,10,10,0,10,10,0,0,0,0,0,0,0,0,0,0,0,0,0,0,0,0,0,0,0,0,0,0,0,0,20
10,0,10,10,10,0,10,10,10,0,10,10,9,2,10,10,0,0,0,0,0,0,0,0,0,0,0,0,0,0,0,0,0,0,0,0,0,0,0,0,20
10,2,10,10,10,10,1,10,10,0,10,10,10,1,10,10,0,0,0,0,0,0,0,0,0,0,0,0,0,0,0,0,0,0,0,0,0,0,0,0,20
10,1,10,10,10,10,3,10,10,0,10,10,9,3,10,10,0,0,0,0,0,0,0,0,0,0,0,0,0,0,0,0,0,0,0,0,0,0,0,0,20
10,2,10,10,10,10,9,10,10,0,10,10,10,1,10,10,0,0,0,0,0,0,0,0,0,0,0,0,0,0,0,0,0,0,0,0,0,0,0,0,20
10,1,10,10,10,10,9,10,10,0,10,10,10,1,10,10,0,0,0,0,0,0,0,0,0,0,0,0,0,0,0,0,0,0,0,0,0,0,0,0,20
10,7,10,10,10,10,5,10,9,3,10,10,8,5,10,10,0,0,0,0,0,0,0,0,0,0,0,0,0,0,0,0,0,0,0,0,0,0,0,0,20
10,10,10,10,10,10,7,10,10,6,8,10,10,1,10,10,0,0,0,0,0,0,0,0,0,0,0,0,0,0,0,0,0,0,0,0,0,0,0,0,13
10,10,10,10,10,10,8,10,10,10,7,8,10,10,7,7,0,0,0,0,0,0,0,0,0,0,0,0,0,0,0,0,0,0,0,0,0,0,0,0,13
10,6,10,10,10,10,8,10,10,1,10,10,10,0,10,10,0,0,0,0,0,0,0,0,0,0,0,0,0,0,0,0,0,0,0,0,0,0,0,0,20
10,1,10,10,10,1,10,10,10,0,10,10,9,3,10,10,0,0,0,0,0,0,0,0,0,0,0,0,0,0,0,0,0,0,0,0,0,0,0,0,20
10,2,10,10,10,1,10,10,10,0,10,10,10,1,10,10,0,0,0,0,0,0,0,0,0,0,0,0,0,0,0,0,0,0,0,0,0,0,0,0,20
10,2,10,10,10,4,10,10,10,0,10,10,10,1,10,10,0,0,0,0,0,0,0,0,0,0,0,0,0,0,0,0,0,0,0,0,0,0,0,0,20
10,2,10,10,10,5,10,10,10,0,10,10,10,1,10,10,0,0,0,0,0,0,0,0,0,0,0,0,0,0,0,0,0,0,0,0,0,0,0,0,20
10,8,10,10,10,1,10,10,9,3,10,10,8,5,10,10,0,0,0,0,0,0,0,0,0,0,0,0,0,0,0,0,0,0,0,0,0,0,0,0,20
10,10,10,10,10,9,10,10,10,8,7,10,10,2,9,10,0,0,0,0,0,0,0,0,0,0,0,0,0,0,0,0,0,0,0,0,0,0,0,0,13
10,1,10,10,10,1,10,10,10,0,10,10,9,3,10,10,0,0,0,0,0,0,0,0,0,0,0,0,0,0,0,0,0,0,0,0,0,0,0,0,20
10,8,10,10,10,1,10,10,9,3,10,10,8,5,10,10,0,0,0,0,0,0,0,0,0,0,0,0,0,0,0,0,0,0,0,0,0,0,0,0,20
10,0,10,10,10,10,6,10,10,0,10,10,9,2,10,10,0,0,0,0,0,0,0,0,0,0,0,0,0,0,0,0,0,0,0,0,0,0,0,0,20
10,8,10,10,10,2,10,10,10,2,10,10,10,0,10,10,0,0,0,0,0,0,0,0,0,0,0,0,0,0,0,0,0,0,0,0,0,0,0,0,20
10,0,10,10,10,10,2,10,10,0,10,10,9,2,10,10,0,0,0,0,0,0,0,0,0,0,0,0,0,0,0,0,0,0,0,0,0,0,0,0,20
10,3,10,10,10,1,10,10,10,1,10,10,9,4,10,10,0,0,0,0,0,0,0,0,0,0,0,0,0,0,0,0,0,0,0,0,0,0,0,0,20
10,1,10,10,10,1,10,10,10,0,10,10,9,2,10,10,0,0,0,0,0,0,0,0,0,0,0,0,0,0,0,0,0,0,0,0,0,0,0,0,20
10,6,10,10,10,5,10,10,10,1,10,10,10,0,10,10,0,0,0,0,0,0,0,0,0,0,0,0,0,0,0,0,0,0,0,0,0,0,0,0,20
10,4,10,10,10,0,10,10,10,1,10,10,10,1,10,10,0,0,0,0,0,0,0,0,0,0,0,0,0,0,0,0,0,0,0,0,0,0,0,0,20
10,1,10,10,10,3,10,10,10,0,10,10,9,3,10,10,0,0,0,0,0,0,0,0,0,0,0,0,0,0,0,0,0,0,0,0,0,0,0,0,20
10,10,10,10,10,3,10,10,10,6,8,10,10,0,10,10,0,0,0,0,0,0,0,0,0,0,0,0,0,0,0,0,0,0,0,0,0,0,0,0,13
10,0,10,10,10,0,10,10,10,0,10,10,9,2,10,10,0,0,0,0,0,0,0,0,0,0,0,0,0,0,0,0,0,0,0,0,0,0,0,0,20
10,4,10,10,10,2,10,10,10,1,10,10,10,1,10,10,0,0,0,0,0,0,0,0,0,0,0,0,0,0,0,0,0,0,0,0,0,0,0,0,20
10,3,10,10,10,4,10,10,10,1,10,10,10,1,10,10,0,0,0,0,0,0,0,0,0,0,0,0,0,0,0,0,0,0,0,0,0,0,0,0,20
10,4,10,10,10,0,10,10,10,1,10,10,10,1,10,10,0,0,0,0,0,0,0,0,0,0,0,0,0,0,0,0,0,0,0,0,0,0,0,0,20
10,9,10,10,10,9,10,10,10,4,9,10,10,0,10,10,0,0,0,0,0,0,0,0,0,0,0,0,0,0,0,0,0,0,0,0,0,0,0,0,20
10,0,10,10,10,0,10,10,10,0,10,10,9,2,10,10,0,0,0,0,0,0,0,0,0,0,0,0,0,0,0,0,0,0,0,0,0,0,0,0,20
10,7,10,10,10,0,10,10,10,2,10,10,10,0,10,10,0,0,0,0,0,0,0,0,0,0,0,0,0,0,0,0,0,0,0,0,0,0,0,0,20
10,10,9,10,10,2,10,10,10,9,5,10,10,5,8,10,0,0,0,0,0,0,0,0,0,0,0,0,0,0,0,0,0,0,0,0,0,0,0,0,13
10,1,10,10,10,0,10,10,10,0,10,10,9,3,10,10,0,0,0,0,0,0,0,0,0,0,0,0,0,0,0,0,0,0,0,0,0,0,0,0,20
10,10,10,10,10,4,10,10,10,5,9,10,10,0,10,10,0,0,0,0,0,0,0,0,0,0,0,0,0,0,0,0,0,0,0,0,0,0,0,0,13
10,0,10,10,10,8,10,10,10,0,10,10,9,2,10,10,0,0,0,0,0,0,0,0,0,0,0,0,0,0,0,0,0,0,0,0,0,0,0,0,20
10,10,10,10,10,6,10,10,10,7,8,10,10,2,9,10,0,0,0,0,0,0,0,0,0,0,0,0,0,0,0,0,0,0,0,0,0,0,0,0,20
10,10,10,10,10,5,10,10,10,8,7,10,10,2,9,10,0,0,0,0,0,0,0,0,0,0,0,0,0,0,0,0,0,0,0,0,0,0,0,0,13
10,0,10,10,10,7,10,10,10,0,10,10,9,2,10,10,0,0,0,0,0,0,0,0,0,0,0,0,0,0,0,0,0,0,0,0,0,0,0,0,20
10,2,10,10,10,5,10,10,10,0,10,10,10,1,10,10,0,0,0,0,0,0,0,0,0,0,0,0,0,0,0,0,0,0,0,0,0,0,0,0,20
10,8,10,10,10,4,10,10,10,2,10,10,10,0,10,10,0,0,0,0,0,0,0,0,0,0,0,0,0,0,0,0,0,0,0,0,0,0,0,0,20
10,0,10,10,10,1,10,10,10,0,10,10,9,2,10,10,0,0,0,0,0,0,0,0,0,0,0,0,0,0,0,0,0,0,0,0,0,0,0,0,20
10,0,10,10,10,0,10,10,10,0,10,10,9,2,10,10,0,0,0,0,0,0,0,0,0,0,0,0,0,0,0,0,0,0,0,0,0,0,0,0,20
10,10,10,10,10,0,10,10,10,8,6,10,10,3,9,10,0,0,0,0,0,0,0,0,0,0,0,0,0,0,0,0,0,0,0,0,0,0,0,0,13
10,10,7,10,10,6,10,10,10,10,2,10,10,7,7,10,0,0,0,0,0,0,0,0,0,0,0,0,0,0,0,0,0,0,0,0,0,0,0,0,13
10,8,10,10,10,0,10,10,10,3,9,10,10,0,10,10,0,0,0,0,0,0,0,0,0,0,0,0,0,0,0,0,0,0,0,0,0,0,0,0,20
10,4,10,10,10,10,10,10,10,1,10,10,10,1,10,10,0,0,0,0,0,0,0,0,0,0,0,0,0,0,0,0,0,0,0,0,0,0,0,0,13
10,0,10,10,10,0,10,10,10,0,10,10,9,2,10,10,0,0,0,0,0,0,0,0,0,0,0,0,0,0,0,0,0,0,0,0,0,0,0,0,20
10,10,0,10,10,4,10,10,10,10,0,10,10,9,2,10,0,0,0,0,0,0,0,0,0,0,0,0,0,0,0,0,0,0,0,0,0,0,0,0,13
10,9,10,10,10,6,10,10,9,3,10,10,8,5,10,10,0,0,0,0,0,0,0,0,0,0,0,0,0,0,0,0,0,0,0,0,0,0,0,0,20
10,8,10,10,10,6,10,10,10,2,10,10,8,5,10,10,0,0,0,0,0,0,0,0,0,0,0,0,0,0,0,0,0,0,0,0,0,0,0,0,20
10,0,10,10,10,4,10,10,10,0,10,10,9,2,10,10,0,0,0,0,0,0,0,0,0,0,0,0,0,0,0,0,0,0,0,0,0,0,0,0,20
10,3,10,10,10,0,10,10,10,1,10,10,9,4,10,10,0,0,0,0,0,0,0,0,0,0,0,0,0,0,0,0,0,0,0,0,0,0,0,0,20
10,10,10,10,10,1,10,10,10,5,9,10,10,0,10,10,0,0,0,0,0,0,0,0,0,0,0,0,0,0,0,0,0,0,0,0,0,0,0,0,20
10,9,10,10,10,9,10,10,10,4,9,10,10,0,10,10,0,0,0,0,0,0,0,0,0,0,0,0,0,0,0,0,0,0,0,0,0,0,0,0,13
10,1,10,10,10,3,10,10,10,0,10,10,9,3,10,10,0,0,0,0,0,0,0,0,0,0,0,0,0,0,0,0,0,0,0,0,0,0,0,0,20
10,8,10,10,10,3,10,10,10,2,10,10,10,0,10,10,0,0,0,0,0,0,0,0,0,0,0,0,0,0,0,0,0,0,0,0,0,0,0,0,20
10,2,10,10,10,5,10,10,10,1,10,10,10,1,10,10,0,0,0,0,0,0,0,0,0,0,0,0,0,0,0,0,0,0,0,0,0,0,0,0,13
10,7,10,10,10,5,10,10,10,2,10,10,10,0,10,10,0,0,0,0,0,0,0,0,0,0,0,0,0,0,0,0,0,0,0,0,0,0,0,0,20
10,8,10,10,10,2,10,10,10,3,10,10,10,0,10,10,0,0,0,0,0,0,0,0,0,0,0,0,0,0,0,0,0,0,0,0,0,0,0,0,13
10,2,10,10,10,1,10,10,10,1,10,10,9,3,10,10,0,0,0,0,0,0,0,0,0,0,0,0,0,0,0,0,0,0,0,0,0,0,0,0,20
10,10,10,10,10,5,10,10,10,8,6,10,10,3,9,10,0,0,0,0,0,0,0,0,0,0,0,0,0,0,0,0,0,0,0,0,0,0,0,0,13
10,10,8,10,10,4,10,10,10,9,4,10,10,5,8,10,0,0,0,0,0,0,0,0,0,0,0,0,0,0,0,0,0,0,0,0,0,0,0,0,13
10,1,10,10,10,1,10,10,10,0,10,10,9,2,10,10,0,0,0,0,0,0,0,0,0,0,0,0,0,0,0,0,0,0,0,0,0,0,0,0,20
10,0,10,10,10,0,10,10,10,0,10,10,9,2,10,10,0,0,0,0,0,0,0,0,0,0,0,0,0,0,0,0,0,0,0,0,0,0,0,0,20
10,9,10,10,10,5,10,10,9,3,10,10,8,5,10,10,0,0,0,0,0,0,0,0,0,0,0,0,0,0,0,0,0,0,0,0,0,0,0,0,20
10,10,5,10,10,7,10,10,10,10,2,10,10,10,0,10,0,0,0,0,0,0,0,0,0,0,0,0,0,0,0,0,0,0,0,0,0,0,0,0,13
10,2,10,10,10,4,10,10,10,1,10,10,9,3,10,10,0,0,0,0,0,0,0,0,0,0,0,0,0,0,0,0,0,0,0,0,0,0,0,0,20
10,4,10,10,10,1,10,10,10,1,10,10,10,1,10,10,0,0,0,0,0,0,0,0,0,0,0,0,0,0,0,0,0,0,0,0,0,0,0,0,20
10,7,10,10,10,1,10,10,10,3,10,10,8,5,10,10,0,0,0,0,0,0,0,0,0,0,0,0,0,0,0,0,0,0,0,0,0,0,0,0,20
10,9,10,10,10,6,10,10,9,5,10,10,8,6,10,10,0,0,0,0,0,0,0,0,0,0,0,0,0,0,0,0,0,0,0,0,0,0,0,0,20
10,3,10,10,10,1,10,10,10,1,10,10,10,1,10,10,0,0,0,0,0,0,0,0,0,0,0,0,0,0,0,0,0,0,0,0,0,0,0,0,20
10,0,10,10,10,7,10,10,10,0,10,10,9,2,10,10,0,0,0,0,0,0,0,0,0,0,0,0,0,0,0,0,0,0,0,0,0,0,0,0,20
10,5,10,10,10,6,10,10,10,1,10,10,10,1,10,10,0,0,0,0,0,0,0,0,0,0,0,0,0,0,0,0,0,0,0,0,0,0,0,0,20
10,0,10,10,10,5,10,10,10,0,10,10,9,2,10,10,0,0,0,0,0,0,0,0,0,0,0,0,0,0,0,0,0,0,0,0,0,0,0,0,20
10,1,10,10,10,0,10,10,10,0,10,10,9,3,10,10,0,0,0,0,0,0,0,0,0,0,0,0,0,0,0,0,0,0,0,0,0,0,0,0,20
10,1,10,10,10,4,10,10,10,0,10,10,9,3,10,10,0,0,0,0,0,0,0,0,0,0,0,0,0,0,0,0,0,0,0,0,0,0,0,0,20
10,4,10,10,10,0,10,10,10,1,10,10,10,1,10,10,0,0,0,0,0,0,0,0,0,0,0,0,0,0,0,0,0,0,0,0,0,0,0,0,20
10,10,7,10,10,5,10,10,10,10,3,10,10,6,7,10,0,0,0,0,0,0,0,0,0,0,0,0,0,0,0,0,0,0,0,0,0,0,0,0,13
10,3,10,10,10,0,10,10,10,1,10,10,9,4,10,10,0,0,0,0,0,0,0,0,0,0,0,0,0,0,0,0,0,0,0,0,0,0,0,0,20
10,10,7,10,10,6,10,10,10,10,2,10,10,7,7,10,0,0,0,0,0,0,0,0,0,0,0,0,0,0,0,0,0,0,0,0,0,0,0,0,13
10,6,10,10,10,8,10,10,10,2,10,10,10,0,10,10,0,0,0,0,0,0,0,0,0,0,0,0,0,0,0,0,0,0,0,0,0,0,0,0,13
10,1,10,10,10,10,10,10,10,0,10,10,9,3,10,10,0,0,0,0,0,0,0,0,0,0,0,0,0,0,0,0,0,0,0,0,0,0,0,0,20
10,10,10,10,10,10,9,10,8,6,10,10,7,6,10,10,0,0,0,0,0,0,0,0,0,0,0,0,0,0,0,0,0,0,0,0,0,0,0,0,20
10,10,10,10,10,10,9,10,8,6,10,10,7,6,10,10,0,0,0,0,0,0,0,0,0,0,0,0,0,0,0,0,0,0,0,0,0,0,0,0,20
10,1,10,10,10,3,10,10,10,0,10,10,9,3,10,10,0,0,0,0,0,0,0,0,0,0,0,0,0,0,0,0,0,0,0,0,0,0,0,0,20
10,7,10,10,10,10,9,10,10,2,10,10,10,0,10,10,0,0,0,0,0,0,0,0,0,0,0,0,0,0,0,0,0,0,0,0,0,0,0,0,20
10,7,10,10,10,10,9,10,10,2,10,10,10,0,10,10,0,0,0,0,0,0,0,0,0,0,0,0,0,0,0,0,0,0,0,0,0,0,0,0,20
10,2,10,10,10,10,6,10,10,0,10,10,10,1,10,10,0,0,0,0,0,0,0,0,0,0,0,0,0,0,0,0,0,0,0,0,0,0,0,0,20
10,4,10,10,10,5,10,10,10,1,10,10,10,1,10,10,0,0,0,0,0,0,0,0,0,0,0,0,0,0,0,0,0,0,0,0,0,0,0,0,20
10,3,10,10,10,9,10,10,10,1,10,10,10,1,10,10,0,0,0,0,0,0,0,0,0,0,0,0,0,0,0,0,0,0,0,0,0,0,0,0,20
10,6,10,10,10,0,10,10,10,2,10,10,9,4,10,10,0,0,0,0,0,0,0,0,0,0,0,0,0,0,0,0,0,0,0,0,0,0,0,0,20
10,6,10,10,10,0,10,10,10,2,10,10,9,4,10,10,0,0,0,0,0,0,0,0,0,0,0,0,0,0,0,0,0,0,0,0,0,0,0,0,20
10,8,10,10,10,3,10,10,9,3,10,10,8,5,10,10,0,0,0,0,0,0,0,0,0,0,0,0,0,0,0,0,0,0,0,0,0,0,0,0,20
10,4,10,10,10,9,10,10,10,1,10,10,9,4,10,10,0,0,0,0,0,0,0,0,0,0,0,0,0,0,0,0,0,0,0,0,0,0,0,0,20
10,3,10,10,10,7,10,10,10,1,10,10,9,4,10,10,0,0,0,0,0,0,0,0,0,0,0,0,0,0,0,0,0,0,0,0,0,0,0,0,20
10,2,10,10,10,8,10,10,10,1,10,10,9,3,10,10,0,0,0,0,0,0,0,0,0,0,0,0,0,0,0,0,0,0,0,0,0,0,0,0,20
10,1,10,10,10,10,3,10,10,0,10,10,9,2,10,10,0,0,0,0,0,0,0,0,0,0,0,0,0,0,0,0,0,0,0,0,0,0,0,0,20
10,8,10,10,10,7,10,10,9,4,10,10,8,5,10,10,0,0,0,0,0,0,0,0,0,0,0,0,0,0,0,0,0,0,0,0,0,0,0,0,20
10,1,10,10,10,10,4,10,10,0,10,10,10,1,10,10,0,0,0,0,0,0,0,0,0,0,0,0,0,0,0,0,0,0,0,0,0,0,0,0,20
10,6,10,10,10,10,7,10,10,2,10,10,9,4,10,10,0,0,0,0,0,0,0,0,0,0,0,0,0,0,0,0,0,0,0,0,0,0,0,0,20
10,6,10,10,10,3,10,10,10,2,10,10,8,4,10,10,0,0,0,0,0,0,0,0,0,0,0,0,0,0,0,0,0,0,0,0,0,0,0,0,20
10,8,10,10,10,10,6,10,9,4,10,10,8,5,10,10,0,0,0,0,0,0,0,0,0,0,0,0,0,0,0,0,0,0,0,0,0,0,0,0,20
10,7,10,10,10,8,10,10,10,2,10,10,10,0,10,10,0,0,0,0,0,0,0,0,0,0,0,0,0,0,0,0,0,0,0,0,0,0,0,0,20
10,1,10,10,10,9,10,10,10,0,10,10,9,3,10,10,0,0,0,0,0,0,0,0,0,0,0,0,0,0,0,0,0,0,0,0,0,0,0,0,20
10,5,10,10,10,10,7,10,10,1,10,10,10,1,10,10,0,0,0,0,0,0,0,0,0,0,0,0,0,0,0,0,0,0,0,0,0,0,0,0,20
10,2,10,10,10,10,3,10,10,1,10,10,9,3,10,10,0,0,0,0,0,0,0,0,0,0,0,0,0,0,0,0,0,0,0,0,0,0,0,0,20
10,8,10,10,10,10,1,10,10,4,9,10,10,0,10,10,0,0,0,0,0,0,0,0,0,0,0,0,0,0,0,0,0,0,0,0,0,0,0,0,13
10,10,5,10,10,10,9,10,10,10,1,10,10,7,6,10,0,0,0,0,0,0,0,0,0,0,0,0,0,0,0,0,0,0,0,0,0,0,0,0,13
10,10,3,10,10,8,10,10,10,10,1,10,10,8,5,10,0,0,0,0,0,0,0,0,0,0,0,0,0,0,0,0,0,0,0,0,0,0,0,0,13
10,10,8,10,10,10,5,10,10,9,4,10,10,6,7,10,0,0,0,0,0,0,0,0,0,0,0,0,0,0,0,0,0,0,0,0,0,0,0,0,13
10,10,10,10,10,10,6,10,10,6,9,10,10,1,10,10,0,0,0,0,0,0,0,0,0,0,0,0,0,0,0,0,0,0,0,0,0,0,0,0,13
10,10,7,10,10,10,3,10,10,10,1,10,10,6,7,10,0,0,0,0,0,0,0,0,0,0,0,0,0,0,0,0,0,0,0,0,0,0,0,0,13
10,10,10,10,10,10,10,10,8,6,10,10,7,6,10,10,0,0,0,0,0,0,0,0,0,0,0,0,0,0,0,0,0,0,0,0,0,0,0,0,20